Using command-line argument: 2
ConvHE ParamLists are ready.
numIndividuals: 34. Correct number is: 34
----------------------------------
Progress:
0 1 2 3 4 5 6 7 8 9 10 11 12 13 14 15 16 17 18 19 20 21 22 23 24 25 26 27 28 29 30 31 32 33 
Elapsed time (m): 4.256200000000001
----------
Max win rate: 0.6773333333333333
Corresponding max params at index 20: [0.4, 0.3, 0.3, 0.05, 0.5, 0.4, 0.6, 0.05, 0.5, 0.4, 0.6, 0.6, 0.3, 0.6, 0.5, 0.2, 0.5, 0.6, 0.3, 0.6, 1.0, 1.0, 0.01, 1.0, 0.01, 2.0, 10.0, 0.0, 6.0, 8.0, 10.0, 0.16666666666666666, 0.16666666666666666, 0.16666666666666666, 0.16666666666666666, 0.16666666666666666, 0.16666666666666666]
----------
Min win rate: 0.605
Corresponding min params at index 5: [0.0, 1.0, 0.0, 0.05, 0.5, 0.4, 0.6, 0.05, 0.5, 0.4, 0.6, 0.6, 0.3, 0.6, 0.5, 0.2, 0.5, 0.6, 0.3, 0.6, 1.0, 1.0, 0.01, 1.0, 0.01, 2.0, 10.0, 0.0, 6.0, 8.0, 10.0, 0.16666666666666666, 0.16666666666666666, 0.16666666666666666, 0.16666666666666666, 0.16666666666666666, 0.16666666666666666]
----------
Average win rate: 0.6333039215686275
Standard deviation of win rates: 0.024925936042237185
----------------------------------------
Table of results: 
ID, p0, p1, p2, winRate
0, 0.000000, 0.500000, 0.500000, 0.638
1, 0.000000, 0.600000, 0.400000, 0.657
2, 0.000000, 0.700000, 0.300000, 0.641
3, 0.000000, 0.800000, 0.200000, 0.6466666666666666
4, 0.000000, 0.900000, 0.100000, 0.6116666666666667
5, 0.000000, 1.000000, 0.000000, 0.605
6, 0.100000, 0.500000, 0.400000, 0.665
7, 0.100000, 0.600000, 0.300000, 0.652
8, 0.100000, 0.700000, 0.200000, 0.6446666666666667
9, 0.100000, 0.800000, 0.100000, 0.6576666666666666
10, 0.100000, 0.900000, 0.000000, 0.638
11, 0.200000, 0.400000, 0.400000, 0.6566666666666666
12, 0.200000, 0.500000, 0.300000, 0.671
13, 0.200000, 0.600000, 0.200000, 0.663
14, 0.200000, 0.700000, 0.100000, 0.6513333333333333
15, 0.200000, 0.800000, 0.000000, 0.6376666666666667
16, 0.300000, 0.400000, 0.300000, 0.6633333333333333
17, 0.300000, 0.500000, 0.200000, 0.663
18, 0.300000, 0.600000, 0.100000, 0.6583333333333333
19, 0.300000, 0.700000, 0.000000, 0.6506666666666666
20, 0.400000, 0.300000, 0.300000, 0.6773333333333333
21, 0.400000, 0.400000, 0.200000, 0.6653333333333333
22, 0.400000, 0.500000, 0.100000, 0.658
23, 0.400000, 0.600000, 0.000000, 0.665
24, 0.500000, 0.300000, 0.200000, 0.673
25, 0.500000, 0.400000, 0.100000, 0.6616666666666666
26, 0.500000, 0.500000, 0.000000, 0.6516666666666666
27, 0.600000, 0.200000, 0.200000, 0.6593333333333333
28, 0.600000, 0.300000, 0.100000, 0.6646666666666666
29, 0.600000, 0.400000, 0.000000, 0.6653333333333333
30, 0.700000, 0.200000, 0.100000, 0.628
31, 0.700000, 0.300000, 0.000000, 0.6583333333333333
32, 0.800000, 0.100000, 0.100000, 0.6493333333333333
33, 1.000000, 0.000000, 0.000000, 0.6216666666666667
Learned parameters: 
0: 0.4
1: 0.3
2: 0.3
