Using command-line argument: 2
ConvHE ParamLists are ready.
numIndividuals: 34. Correct number is: 34
=============== runExhaustiveTest ===============
gamesPerIndividual: 10000
----------------------------------
Progress:
0 1 2 3 4 5 6 7 8 9 10 11 12 13 14 15 16 17 18 19 20 21 22 23 24 25 26 27 28 29 30 31 32 33 
Elapsed time (m): 4.557216666666666
----------
Max win rate: 0.7137
Corresponding max params at index 25: [0.5, 0.4, 0.1, 0.1, 0.9, 0.4, 0.6, 0.05, 0.5, 0.4, 0.6, 0.8380616650330837, 0.06152068390417398, 0.38258062302368523, 0.39810496473742085, 0.10844666639491507, 0.37763392278384067, 0.2706576839587317, 0.2077890824329678, 0.47922119839098565, 1.0, 1.0, 0.01, 1.0, 0.01, 2.0, 10.0, 0.0, 6.0, 8.0, 14.0, 0.16666666666666666, 0.16666666666666666, 0.16666666666666666, 0.16666666666666666, 0.16666666666666666, 0.16666666666666666]
----------
Min win rate: 0.66
Corresponding min params at index 5: [0.0, 1.0, 0.0, 0.1, 0.9, 0.4, 0.6, 0.05, 0.5, 0.4, 0.6, 0.8380616650330837, 0.06152068390417398, 0.38258062302368523, 0.39810496473742085, 0.10844666639491507, 0.37763392278384067, 0.2706576839587317, 0.2077890824329678, 0.47922119839098565, 1.0, 1.0, 0.01, 1.0, 0.01, 2.0, 10.0, 0.0, 6.0, 8.0, 14.0, 0.16666666666666666, 0.16666666666666666, 0.16666666666666666, 0.16666666666666666, 0.16666666666666666, 0.16666666666666666]
----------
Average win rate: 0.6769264705882354
Standard deviation of win rates: 0.02327221136461474
----------------------------------------
Table of results: 
ID, p0, p1, p2, winRate
0, 0.000000, 0.500000, 0.500000, 0.676
1, 0.000000, 0.600000, 0.400000, 0.6911
2, 0.000000, 0.700000, 0.300000, 0.6867
3, 0.000000, 0.800000, 0.200000, 0.6862
4, 0.000000, 0.900000, 0.100000, 0.6823
5, 0.000000, 1.000000, 0.000000, 0.66
6, 0.100000, 0.500000, 0.400000, 0.6943
7, 0.100000, 0.600000, 0.300000, 0.6986
8, 0.100000, 0.700000, 0.200000, 0.6979
9, 0.100000, 0.800000, 0.100000, 0.6914
10, 0.100000, 0.900000, 0.000000, 0.679
11, 0.200000, 0.400000, 0.400000, 0.7023
12, 0.200000, 0.500000, 0.300000, 0.7033
13, 0.200000, 0.600000, 0.200000, 0.6979
14, 0.200000, 0.700000, 0.100000, 0.7
15, 0.200000, 0.800000, 0.000000, 0.6941
16, 0.300000, 0.400000, 0.300000, 0.705
17, 0.300000, 0.500000, 0.200000, 0.6998
18, 0.300000, 0.600000, 0.100000, 0.7064
19, 0.300000, 0.700000, 0.000000, 0.7011
20, 0.400000, 0.300000, 0.300000, 0.7121
21, 0.400000, 0.400000, 0.200000, 0.7116
22, 0.400000, 0.500000, 0.100000, 0.7118
23, 0.400000, 0.600000, 0.000000, 0.6977
24, 0.500000, 0.300000, 0.200000, 0.7086
25, 0.500000, 0.400000, 0.100000, 0.7137
26, 0.500000, 0.500000, 0.000000, 0.6977
27, 0.600000, 0.200000, 0.200000, 0.7123
28, 0.600000, 0.300000, 0.100000, 0.7118
29, 0.600000, 0.400000, 0.000000, 0.7063
30, 0.700000, 0.200000, 0.100000, 0.6899
31, 0.700000, 0.300000, 0.000000, 0.6934
32, 0.800000, 0.100000, 0.100000, 0.6935
33, 1.000000, 0.000000, 0.000000, 0.6777
Learned parameters: 
0: 0.5
1: 0.4
2: 0.1
