Using command-line arguments: 2, I
Self: Index player
Using these parameters as a base (some values will change in the exhaustive search):
[0.4, 0.3, 0.3, 0.45, 0.7, 0.7, 0.3, 0.05, 0.5, 0.4, 0.6, 0.8380616650330837, 0.06152068390417398, 0.38258062302368523, 0.39810496473742085, 0.10844666639491507, 0.37763392278384067, 0.2706576839587317, 0.2077890824329678, 0.47922119839098565, 1.0, 1.0, 0.3, 2.0, 1.0, 1.5, 10.0, 0.0, 6.0, 8.0, 14.0, 0.1, 0.0, 0.3, 0.3, 0.3, 0.0]
ConvHE ParamLists are ready.
numIndividuals: 34. Correct number is: 34
=============== runExhaustiveTest ===============
gamesPerIndividual: 5000
========== Subset 0 ==========
0 1 2 3 4 5 6 7 8 9 10 11 12 13 14 15 16 17 18 19 20 21 22 23 24 25 26 27 28 29 30 31 32 33 
Subset 0 results:
----------------------------------------
Table of results: 
ID, p0, p1, p2, winRate
0, 0.000000, 0.500000, 0.500000, 0.7224
1, 0.000000, 0.600000, 0.400000, 0.7136
2, 0.000000, 0.700000, 0.300000, 0.7192
3, 0.000000, 0.800000, 0.200000, 0.719
4, 0.000000, 0.900000, 0.100000, 0.716
5, 0.000000, 1.000000, 0.000000, 0.7196
6, 0.100000, 0.500000, 0.400000, 0.7418
7, 0.100000, 0.600000, 0.300000, 0.7338
8, 0.100000, 0.700000, 0.200000, 0.7306
9, 0.100000, 0.800000, 0.100000, 0.7344
10, 0.100000, 0.900000, 0.000000, 0.7308
11, 0.200000, 0.400000, 0.400000, 0.725
12, 0.200000, 0.500000, 0.300000, 0.7306
13, 0.200000, 0.600000, 0.200000, 0.745
14, 0.200000, 0.700000, 0.100000, 0.7336
15, 0.200000, 0.800000, 0.000000, 0.7278
16, 0.300000, 0.400000, 0.300000, 0.7458
17, 0.300000, 0.500000, 0.200000, 0.7386
18, 0.300000, 0.600000, 0.100000, 0.7256
19, 0.300000, 0.700000, 0.000000, 0.7232
20, 0.400000, 0.300000, 0.300000, 0.7308
21, 0.400000, 0.400000, 0.200000, 0.7348
22, 0.400000, 0.500000, 0.100000, 0.7412
23, 0.400000, 0.600000, 0.000000, 0.7342
24, 0.500000, 0.300000, 0.200000, 0.7326
25, 0.500000, 0.400000, 0.100000, 0.736
26, 0.500000, 0.500000, 0.000000, 0.739
27, 0.600000, 0.200000, 0.200000, 0.7328
28, 0.600000, 0.300000, 0.100000, 0.7364
29, 0.600000, 0.400000, 0.000000, 0.7346
30, 0.700000, 0.200000, 0.100000, 0.7426
31, 0.700000, 0.300000, 0.000000, 0.7286
32, 0.800000, 0.100000, 0.100000, 0.7266
33, 1.000000, 0.000000, 0.000000, 0.724

Elapsed time (m): 2.8950166666666663
All tests complete. Results follow.
----------
Max win rate: 0.7458
Corresponding max params at index 16:
[0.3, 0.4, 0.3, 0.45, 0.7, 0.7, 0.3, 0.05, 0.5, 0.4, 0.6, 0.8380616650330837, 0.06152068390417398, 0.38258062302368523, 0.39810496473742085, 0.10844666639491507, 0.37763392278384067, 0.2706576839587317, 0.2077890824329678, 0.47922119839098565, 1.0, 1.0, 0.3, 2.0, 1.0, 1.5, 10.0, 0.0, 6.0, 8.0, 14.0, 0.1, 0.0, 0.3, 0.3, 0.3, 0.0]
----------
Min win rate: 0.7136
Corresponding min params at index 1:
[0.0, 0.6, 0.4, 0.45, 0.7, 0.7, 0.3, 0.05, 0.5, 0.4, 0.6, 0.8380616650330837, 0.06152068390417398, 0.38258062302368523, 0.39810496473742085, 0.10844666639491507, 0.37763392278384067, 0.2706576839587317, 0.2077890824329678, 0.47922119839098565, 1.0, 1.0, 0.3, 2.0, 1.0, 1.5, 10.0, 0.0, 6.0, 8.0, 14.0, 0.1, 0.0, 0.3, 0.3, 0.3, 0.0]
----------
Average win rate: 0.7096529411764709
Standard deviation of win rates: 0.022745403733577602
----------------------------------------
Table of results: 
ID, p0, p1, p2, winRate
0, 0.000000, 0.500000, 0.500000, 0.7224
1, 0.000000, 0.600000, 0.400000, 0.7136
2, 0.000000, 0.700000, 0.300000, 0.7192
3, 0.000000, 0.800000, 0.200000, 0.719
4, 0.000000, 0.900000, 0.100000, 0.716
5, 0.000000, 1.000000, 0.000000, 0.7196
6, 0.100000, 0.500000, 0.400000, 0.7418
7, 0.100000, 0.600000, 0.300000, 0.7338
8, 0.100000, 0.700000, 0.200000, 0.7306
9, 0.100000, 0.800000, 0.100000, 0.7344
10, 0.100000, 0.900000, 0.000000, 0.7308
11, 0.200000, 0.400000, 0.400000, 0.725
12, 0.200000, 0.500000, 0.300000, 0.7306
13, 0.200000, 0.600000, 0.200000, 0.745
14, 0.200000, 0.700000, 0.100000, 0.7336
15, 0.200000, 0.800000, 0.000000, 0.7278
16, 0.300000, 0.400000, 0.300000, 0.7458
17, 0.300000, 0.500000, 0.200000, 0.7386
18, 0.300000, 0.600000, 0.100000, 0.7256
19, 0.300000, 0.700000, 0.000000, 0.7232
20, 0.400000, 0.300000, 0.300000, 0.7308
21, 0.400000, 0.400000, 0.200000, 0.7348
22, 0.400000, 0.500000, 0.100000, 0.7412
23, 0.400000, 0.600000, 0.000000, 0.7342
24, 0.500000, 0.300000, 0.200000, 0.7326
25, 0.500000, 0.400000, 0.100000, 0.736
26, 0.500000, 0.500000, 0.000000, 0.739
27, 0.600000, 0.200000, 0.200000, 0.7328
28, 0.600000, 0.300000, 0.100000, 0.7364
29, 0.600000, 0.400000, 0.000000, 0.7346
30, 0.700000, 0.200000, 0.100000, 0.7426
31, 0.700000, 0.300000, 0.000000, 0.7286
32, 0.800000, 0.100000, 0.100000, 0.7266
33, 1.000000, 0.000000, 0.000000, 0.724
----------------------------------------
Learned parameters: 
0: 0.3
1: 0.4
2: 0.3
All parameters:
[0.3, 0.4, 0.3, 0.45, 0.7, 0.7, 0.3, 0.05, 0.5, 0.4, 0.6, 0.8380616650330837, 0.06152068390417398, 0.38258062302368523, 0.39810496473742085, 0.10844666639491507, 0.37763392278384067, 0.2706576839587317, 0.2077890824329678, 0.47922119839098565, 1.0, 1.0, 0.3, 2.0, 1.0, 1.5, 10.0, 0.0, 6.0, 8.0, 14.0, 0.1, 0.0, 0.3, 0.3, 0.3, 0.0]
