[0.0, 0.0, 1.0] 48
[0.0, 0.05, 0.95] 47
[0.0, 0.1, 0.9] 54
[0.0, 0.15000000000000002, 0.85] 48
[0.0, 0.2, 0.8] 56
[0.0, 0.25, 0.75] 52
[0.0, 0.3, 0.7] 51
[0.0, 0.35, 0.65] 55
[0.0, 0.39999999999999997, 0.6000000000000001] 41
[0.0, 0.44999999999999996, 0.55] 46
[0.0, 0.49999999999999994, 0.5] 36
[0.0, 0.5499999999999999, 0.45000000000000007] 36
[0.0, 0.6, 0.4] 28
[0.0, 0.65, 0.35] 38
[0.0, 0.7000000000000001, 0.29999999999999993] 37
[0.0, 0.7500000000000001, 0.2499999999999999] 29
[0.0, 0.8000000000000002, 0.19999999999999984] 33
[0.0, 0.8500000000000002, 0.1499999999999998] 31
[0.0, 0.9000000000000002, 0.09999999999999976] 35
[0.0, 0.9500000000000003, 0.04999999999999971] 41
[0.05, 0.0, 0.95] 42
[0.05, 0.05, 0.9] 34
[0.05, 0.1, 0.85] 53
[0.05, 0.15000000000000002, 0.8] 41
[0.05, 0.2, 0.75] 43
[0.05, 0.25, 0.7] 37
[0.05, 0.3, 0.65] 50
[0.05, 0.35, 0.6000000000000001] 50
[0.05, 0.39999999999999997, 0.55] 39
[0.05, 0.44999999999999996, 0.5] 49
[0.05, 0.49999999999999994, 0.45000000000000007] 47
[0.05, 0.5499999999999999, 0.4] 40
[0.05, 0.6, 0.35] 38
[0.05, 0.65, 0.29999999999999993] 38
[0.05, 0.7000000000000001, 0.2499999999999999] 54
[0.05, 0.7500000000000001, 0.19999999999999984] 43
[0.05, 0.8000000000000002, 0.1499999999999998] 38
[0.05, 0.8500000000000002, 0.09999999999999976] 29
[0.05, 0.9000000000000002, 0.04999999999999971] 28
[0.1, 0.0, 0.9] 48
[0.1, 0.05, 0.85] 44
[0.1, 0.1, 0.8] 35
[0.1, 0.15000000000000002, 0.75] 50
[0.1, 0.2, 0.7] 39
[0.1, 0.25, 0.65] 46
[0.1, 0.3, 0.6] 48
[0.1, 0.35, 0.55] 51
[0.1, 0.39999999999999997, 0.5] 52
[0.1, 0.44999999999999996, 0.45000000000000007] 49
[0.1, 0.49999999999999994, 0.4] 52
[0.1, 0.5499999999999999, 0.3500000000000001] 47
[0.1, 0.6, 0.30000000000000004] 39
[0.1, 0.65, 0.25] 42
[0.1, 0.7000000000000001, 0.19999999999999996] 39
[0.1, 0.7500000000000001, 0.1499999999999999] 41
[0.1, 0.8000000000000002, 0.09999999999999987] 34
[0.1, 0.8500000000000002, 0.04999999999999982] 30
[0.15000000000000002, 0.0, 0.85] 48
[0.15000000000000002, 0.05, 0.8] 43
[0.15000000000000002, 0.1, 0.75] 46
[0.15000000000000002, 0.15000000000000002, 0.7] 50
[0.15000000000000002, 0.2, 0.6499999999999999] 46
[0.15000000000000002, 0.25, 0.6] 48
[0.15000000000000002, 0.3, 0.55] 51
[0.15000000000000002, 0.35, 0.5] 50
[0.15000000000000002, 0.39999999999999997, 0.44999999999999996] 53
[0.15000000000000002, 0.44999999999999996, 0.4] 43
[0.15000000000000002, 0.49999999999999994, 0.3500000000000001] 51
[0.15000000000000002, 0.5499999999999999, 0.30000000000000004] 50
[0.15000000000000002, 0.6, 0.25] 48
[0.15000000000000002, 0.65, 0.19999999999999996] 39
[0.15000000000000002, 0.7000000000000001, 0.1499999999999999] 32
[0.15000000000000002, 0.7500000000000001, 0.09999999999999987] 41
[0.15000000000000002, 0.8000000000000002, 0.04999999999999982] 37
[0.2, 0.0, 0.8] 51
[0.2, 0.05, 0.75] 50
[0.2, 0.1, 0.7] 37
[0.2, 0.15000000000000002, 0.6499999999999999] 49
[0.2, 0.2, 0.6] 56
[0.2, 0.25, 0.55] 56
[0.2, 0.3, 0.5] 54
[0.2, 0.35, 0.44999999999999996] 47
[0.2, 0.39999999999999997, 0.4] 51
[0.2, 0.44999999999999996, 0.3500000000000001] 50
[0.2, 0.49999999999999994, 0.30000000000000004] 52
[0.2, 0.5499999999999999, 0.25] 62
[0.2, 0.6, 0.19999999999999996] 44
[0.2, 0.65, 0.1499999999999999] 37
[0.2, 0.7000000000000001, 0.09999999999999987] 44
[0.2, 0.7500000000000001, 0.04999999999999982] 42
[0.25, 0.0, 0.75] 41
[0.25, 0.05, 0.7] 56
[0.25, 0.1, 0.65] 48
[0.25, 0.15000000000000002, 0.6] 60
[0.25, 0.2, 0.55] 65
[0.25, 0.25, 0.5] 68
[0.25, 0.3, 0.44999999999999996] 62
[0.25, 0.35, 0.4] 78
[0.25, 0.39999999999999997, 0.3500000000000001] 57
[0.25, 0.44999999999999996, 0.30000000000000004] 53
[0.25, 0.49999999999999994, 0.25] 51
[0.25, 0.5499999999999999, 0.20000000000000007] 40
[0.25, 0.6, 0.15000000000000002] 45
[0.25, 0.65, 0.09999999999999998] 43
[0.25, 0.7000000000000001, 0.04999999999999993] 48
[0.3, 0.0, 0.7] 55
[0.3, 0.05, 0.65] 57
[0.3, 0.1, 0.6] 56
[0.3, 0.15000000000000002, 0.55] 58
[0.3, 0.2, 0.5] 68
[0.3, 0.25, 0.44999999999999996] 60
[0.3, 0.3, 0.4] 70
[0.3, 0.35, 0.3500000000000001] 50
[0.3, 0.39999999999999997, 0.30000000000000004] 71
[0.3, 0.44999999999999996, 0.25] 53
[0.3, 0.49999999999999994, 0.20000000000000007] 67
[0.3, 0.5499999999999999, 0.15000000000000013] 56
[0.3, 0.6, 0.10000000000000009] 50
[0.3, 0.65, 0.050000000000000044] 44
[0.35, 0.0, 0.65] 55
[0.35, 0.05, 0.6000000000000001] 53
[0.35, 0.1, 0.55] 60
[0.35, 0.15000000000000002, 0.5] 70
[0.35, 0.2, 0.44999999999999996] 73
[0.35, 0.25, 0.4] 66
[0.35, 0.3, 0.3500000000000001] 76
[0.35, 0.35, 0.30000000000000004] 71
[0.35, 0.39999999999999997, 0.25] 74
[0.35, 0.44999999999999996, 0.20000000000000007] 67
[0.35, 0.49999999999999994, 0.15000000000000013] 67
[0.35, 0.5499999999999999, 0.10000000000000009] 70
[0.35, 0.6, 0.050000000000000044] 55
[0.39999999999999997, 0.0, 0.6000000000000001] 71
[0.39999999999999997, 0.05, 0.55] 68
[0.39999999999999997, 0.1, 0.5] 87
[0.39999999999999997, 0.15000000000000002, 0.44999999999999996] 84
[0.39999999999999997, 0.2, 0.4] 67
[0.39999999999999997, 0.25, 0.3500000000000001] 92
[0.39999999999999997, 0.3, 0.30000000000000004] 79
[0.39999999999999997, 0.35, 0.25] 81
[0.39999999999999997, 0.39999999999999997, 0.20000000000000007] 79
[0.39999999999999997, 0.44999999999999996, 0.15000000000000013] 87
[0.39999999999999997, 0.49999999999999994, 0.10000000000000009] 60
[0.39999999999999997, 0.5499999999999999, 0.050000000000000044] 54
[0.39999999999999997, 0.6, 0.0] 52
[0.44999999999999996, 0.0, 0.55] 64
[0.44999999999999996, 0.05, 0.5] 72
[0.44999999999999996, 0.1, 0.45000000000000007] 84
[0.44999999999999996, 0.15000000000000002, 0.4] 75
[0.44999999999999996, 0.2, 0.3500000000000001] 79
[0.44999999999999996, 0.25, 0.30000000000000004] 88
[0.44999999999999996, 0.3, 0.25] 85
[0.44999999999999996, 0.35, 0.20000000000000007] 85
[0.44999999999999996, 0.39999999999999997, 0.15000000000000013] 86
[0.44999999999999996, 0.44999999999999996, 0.10000000000000009] 73
[0.44999999999999996, 0.49999999999999994, 0.050000000000000044] 68
[0.44999999999999996, 0.5499999999999999, 1.1102230246251565E-16] 61
[0.49999999999999994, 0.0, 0.5] 71
[0.49999999999999994, 0.05, 0.45000000000000007] 78
[0.49999999999999994, 0.1, 0.4] 79
[0.49999999999999994, 0.15000000000000002, 0.3500000000000001] 99
[0.49999999999999994, 0.2, 0.30000000000000004] 94
[0.49999999999999994, 0.25, 0.25] 94
[0.49999999999999994, 0.3, 0.20000000000000007] 92
[0.49999999999999994, 0.35, 0.15000000000000013] 92
[0.49999999999999994, 0.39999999999999997, 0.10000000000000009] 84
[0.49999999999999994, 0.44999999999999996, 0.050000000000000044] 77
[0.49999999999999994, 0.49999999999999994, 1.1102230246251565E-16] 60
[0.5499999999999999, 0.0, 0.45000000000000007] 91
[0.5499999999999999, 0.05, 0.4] 90
[0.5499999999999999, 0.1, 0.3500000000000001] 93
[0.5499999999999999, 0.15000000000000002, 0.30000000000000004] 97
[0.5499999999999999, 0.2, 0.25] 97
[0.5499999999999999, 0.25, 0.20000000000000007] 109
[0.5499999999999999, 0.3, 0.15000000000000013] 93
[0.5499999999999999, 0.35, 0.10000000000000009] 98
[0.5499999999999999, 0.39999999999999997, 0.050000000000000044] 81
[0.5499999999999999, 0.44999999999999996, 1.1102230246251565E-16] 69
[0.6, 0.0, 0.4] 93
[0.6, 0.05, 0.35] 91
[0.6, 0.1, 0.30000000000000004] 101
[0.6, 0.15000000000000002, 0.25] 95
[0.6, 0.2, 0.19999999999999996] 97
[0.6, 0.25, 0.15000000000000002] 101
[0.6, 0.3, 0.10000000000000009] 101
[0.6, 0.35, 0.050000000000000044] 92
[0.6, 0.39999999999999997, 0.0] 94
[0.65, 0.0, 0.35] 99
[0.65, 0.05, 0.29999999999999993] 98
[0.65, 0.1, 0.25] 100
[0.65, 0.15000000000000002, 0.19999999999999996] 109
[0.65, 0.2, 0.1499999999999999] 105
[0.65, 0.25, 0.09999999999999998] 100
[0.65, 0.3, 0.050000000000000044] 93
[0.7000000000000001, 0.0, 0.29999999999999993] 99
[0.7000000000000001, 0.05, 0.2499999999999999] 117
[0.7000000000000001, 0.1, 0.19999999999999996] 111
[0.7000000000000001, 0.15000000000000002, 0.1499999999999999] 107
[0.7000000000000001, 0.2, 0.09999999999999987] 108
[0.7000000000000001, 0.25, 0.04999999999999993] 103
[0.7500000000000001, 0.0, 0.2499999999999999] 95
[0.7500000000000001, 0.05, 0.19999999999999984] 102
[0.7500000000000001, 0.1, 0.1499999999999999] 91
[0.7500000000000001, 0.15000000000000002, 0.09999999999999987] 98
[0.7500000000000001, 0.2, 0.04999999999999982] 111
[0.8000000000000002, 0.0, 0.19999999999999984] 99
[0.8000000000000002, 0.05, 0.1499999999999998] 101
[0.8000000000000002, 0.1, 0.09999999999999987] 133
[0.8000000000000002, 0.15000000000000002, 0.04999999999999982] 114
[0.8500000000000002, 0.0, 0.1499999999999998] 98
[0.8500000000000002, 0.05, 0.09999999999999976] 106
[0.8500000000000002, 0.1, 0.04999999999999982] 123
[0.9000000000000002, 0.0, 0.09999999999999976] 100
[0.9000000000000002, 0.05, 0.04999999999999971] 108
[0.9500000000000003, 0.0, 0.04999999999999971] 100
