[0.0,0.0,1.0] 41
[0.0,0.05,0.95] 49
[0.0,0.1,0.9] 40
[0.0,0.15000000000000002,0.85] 37
[0.0,0.2,0.8] 45
[0.0,0.25,0.75] 45
[0.0,0.3,0.7] 39
[0.0,0.35,0.65] 45
[0.0,0.39999999999999997,0.6000000000000001] 48
[0.0,0.44999999999999996,0.55] 39
[0.0,0.49999999999999994,0.5] 42
[0.0,0.5499999999999999,0.45000000000000007] 39
[0.0,0.6,0.4] 38
[0.0,0.65,0.35] 39
[0.0,0.7000000000000001,0.29999999999999993] 40
[0.0,0.7500000000000001,0.2499999999999999] 35
[0.0,0.8000000000000002,0.19999999999999984] 25
[0.0,0.8500000000000002,0.1499999999999998] 41
[0.0,0.9000000000000002,0.09999999999999976] 41
[0.0,0.9500000000000003,0.04999999999999971] 29
[0.05,0.0,0.95] 53
[0.05,0.05,0.9] 46
[0.05,0.1,0.85] 43
[0.05,0.15000000000000002,0.8] 32
[0.05,0.2,0.75] 49
[0.05,0.25,0.7] 63
[0.05,0.3,0.65] 45
[0.05,0.35,0.6000000000000001] 46
[0.05,0.39999999999999997,0.55] 41
[0.05,0.44999999999999996,0.5] 47
[0.05,0.49999999999999994,0.45000000000000007] 34
[0.05,0.5499999999999999,0.4] 38
[0.05,0.6,0.35] 32
[0.05,0.65,0.29999999999999993] 35
[0.05,0.7000000000000001,0.2499999999999999] 30
[0.05,0.7500000000000001,0.19999999999999984] 33
[0.05,0.8000000000000002,0.1499999999999998] 40
[0.05,0.8500000000000002,0.09999999999999976] 39
[0.05,0.9000000000000002,0.04999999999999971] 38
[0.1,0.0,0.9] 45
[0.1,0.05,0.85] 49
[0.1,0.1,0.8] 58
[0.1,0.15000000000000002,0.75] 46
[0.1,0.2,0.7] 52
[0.1,0.25,0.65] 47
[0.1,0.3,0.6] 42
[0.1,0.35,0.55] 52
[0.1,0.39999999999999997,0.5] 42
[0.1,0.44999999999999996,0.45000000000000007] 39
[0.1,0.49999999999999994,0.4] 45
[0.1,0.5499999999999999,0.3500000000000001] 42
[0.1,0.6,0.30000000000000004] 32
[0.1,0.65,0.25] 39
[0.1,0.7000000000000001,0.19999999999999996] 31
[0.1,0.7500000000000001,0.1499999999999999] 35
[0.1,0.8000000000000002,0.09999999999999987] 36
[0.1,0.8500000000000002,0.04999999999999982] 42
[0.15000000000000002,0.0,0.85] 48
[0.15000000000000002,0.05,0.8] 48
[0.15000000000000002,0.1,0.75] 46
[0.15000000000000002,0.15000000000000002,0.7] 61
[0.15000000000000002,0.2,0.6499999999999999] 56
[0.15000000000000002,0.25,0.6] 52
[0.15000000000000002,0.3,0.55] 50
[0.15000000000000002,0.35,0.5] 47
[0.15000000000000002,0.39999999999999997,0.44999999999999996] 53
[0.15000000000000002,0.44999999999999996,0.4] 50
[0.15000000000000002,0.49999999999999994,0.3500000000000001] 53
[0.15000000000000002,0.5499999999999999,0.30000000000000004] 38
[0.15000000000000002,0.6,0.25] 56
[0.15000000000000002,0.65,0.19999999999999996] 43
[0.15000000000000002,0.7000000000000001,0.1499999999999999] 47
[0.15000000000000002,0.7500000000000001,0.09999999999999987] 37
[0.15000000000000002,0.8000000000000002,0.04999999999999982] 40
[0.2,0.0,0.8] 51
[0.2,0.05,0.75] 65
[0.2,0.1,0.7] 42
[0.2,0.15000000000000002,0.6499999999999999] 49
[0.2,0.2,0.6] 60
[0.2,0.25,0.55] 59
[0.2,0.3,0.5] 52
[0.2,0.35,0.44999999999999996] 45
[0.2,0.39999999999999997,0.4] 62
[0.2,0.44999999999999996,0.3500000000000001] 46
[0.2,0.49999999999999994,0.30000000000000004] 53
[0.2,0.5499999999999999,0.25] 55
[0.2,0.6,0.19999999999999996] 50
[0.2,0.65,0.1499999999999999] 45
[0.2,0.7000000000000001,0.09999999999999987] 43
[0.2,0.7500000000000001,0.04999999999999982] 35
[0.25,0.0,0.75] 58
[0.25,0.05,0.7] 62
[0.25,0.1,0.65] 50
[0.25,0.15000000000000002,0.6] 58
[0.25,0.2,0.55] 63
[0.25,0.25,0.5] 55
[0.25,0.3,0.44999999999999996] 57
[0.25,0.35,0.4] 59
[0.25,0.39999999999999997,0.3500000000000001] 62
[0.25,0.44999999999999996,0.30000000000000004] 53
[0.25,0.49999999999999994,0.25] 57
[0.25,0.5499999999999999,0.20000000000000007] 59
[0.25,0.6,0.15000000000000002] 48
[0.25,0.65,0.09999999999999998] 44
[0.25,0.7000000000000001,0.04999999999999993] 36
[0.3,0.0,0.7] 44
[0.3,0.05,0.65] 68
[0.3,0.1,0.6] 56
[0.3,0.15000000000000002,0.55] 51
[0.3,0.2,0.5] 69
[0.3,0.25,0.44999999999999996] 56
[0.3,0.3,0.4] 63
[0.3,0.35,0.3500000000000001] 60
[0.3,0.39999999999999997,0.30000000000000004] 64
[0.3,0.44999999999999996,0.25] 62
[0.3,0.49999999999999994,0.20000000000000007] 59
[0.3,0.5499999999999999,0.15000000000000013] 66
[0.3,0.6,0.10000000000000009] 53
[0.3,0.65,0.050000000000000044] 48
[0.35,0.0,0.65] 51
[0.35,0.05,0.6000000000000001] 63
[0.35,0.1,0.55] 63
[0.35,0.15000000000000002,0.5] 60
[0.35,0.2,0.44999999999999996] 68
[0.35,0.25,0.4] 70
[0.35,0.3,0.3500000000000001] 67
[0.35,0.35,0.30000000000000004] 82
[0.35,0.39999999999999997,0.25] 72
[0.35,0.44999999999999996,0.20000000000000007] 78
[0.35,0.49999999999999994,0.15000000000000013] 58
[0.35,0.5499999999999999,0.10000000000000009] 58
[0.35,0.6,0.050000000000000044] 51
[0.35,0.65,0.0] 59
[0.39999999999999997,0.0,0.6000000000000001] 65
[0.39999999999999997,0.05,0.55] 68
[0.39999999999999997,0.1,0.5] 57
[0.39999999999999997,0.15000000000000002,0.44999999999999996] 72
[0.39999999999999997,0.2,0.4] 76
[0.39999999999999997,0.25,0.3500000000000001] 79
[0.39999999999999997,0.3,0.30000000000000004] 89
[0.39999999999999997,0.35,0.25] 67
[0.39999999999999997,0.39999999999999997,0.20000000000000007] 66
[0.39999999999999997,0.44999999999999996,0.15000000000000013] 66
[0.39999999999999997,0.49999999999999994,0.10000000000000009] 63
[0.39999999999999997,0.5499999999999999,0.050000000000000044] 64
[0.39999999999999997,0.6,0.0] 56
[0.44999999999999996,0.0,0.55] 58
[0.44999999999999996,0.05,0.5] 68
[0.44999999999999996,0.1,0.45000000000000007] 72
[0.44999999999999996,0.15000000000000002,0.4] 84
[0.44999999999999996,0.2,0.3500000000000001] 94
[0.44999999999999996,0.25,0.30000000000000004] 83
[0.44999999999999996,0.3,0.25] 80
[0.44999999999999996,0.35,0.20000000000000007] 73
[0.44999999999999996,0.39999999999999997,0.15000000000000013] 87
[0.44999999999999996,0.44999999999999996,0.10000000000000009] 79
[0.44999999999999996,0.49999999999999994,0.050000000000000044] 72
[0.44999999999999996,0.5499999999999999,1.1102230246251565E-16] 57
[0.49999999999999994,0.0,0.5] 79
[0.49999999999999994,0.05,0.45000000000000007] 86
[0.49999999999999994,0.1,0.4] 76
[0.49999999999999994,0.15000000000000002,0.3500000000000001] 87
[0.49999999999999994,0.2,0.30000000000000004] 98
[0.49999999999999994,0.25,0.25] 89
[0.49999999999999994,0.3,0.20000000000000007] 88
[0.49999999999999994,0.35,0.15000000000000013] 77
[0.49999999999999994,0.39999999999999997,0.10000000000000009] 79
[0.49999999999999994,0.44999999999999996,0.050000000000000044] 76
[0.49999999999999994,0.49999999999999994,1.1102230246251565E-16] 66
[0.5499999999999999,0.0,0.45000000000000007] 90
[0.5499999999999999,0.05,0.4] 83
[0.5499999999999999,0.1,0.3500000000000001] 93
[0.5499999999999999,0.15000000000000002,0.30000000000000004] 98
[0.5499999999999999,0.2,0.25] 108
[0.5499999999999999,0.25,0.20000000000000007] 104
[0.5499999999999999,0.3,0.15000000000000013] 96
[0.5499999999999999,0.35,0.10000000000000009] 92
[0.5499999999999999,0.39999999999999997,0.050000000000000044] 80
[0.5499999999999999,0.44999999999999996,1.1102230246251565E-16] 76
[0.6,0.0,0.4] 78
[0.6,0.05,0.35] 95
[0.6,0.1,0.30000000000000004] 97
[0.6,0.15000000000000002,0.25] 106
[0.6,0.2,0.19999999999999996] 93
[0.6,0.25,0.15000000000000002] 98
[0.6,0.3,0.10000000000000009] 100
[0.6,0.35,0.050000000000000044] 80
[0.6,0.39999999999999997,0.0] 89
[0.65,0.0,0.35] 97
[0.65,0.05,0.29999999999999993] 100
[0.65,0.1,0.25] 96
[0.65,0.15000000000000002,0.19999999999999996] 90
[0.65,0.2,0.1499999999999999] 103
[0.65,0.25,0.09999999999999998] 90
[0.65,0.3,0.050000000000000044] 85
[0.65,0.35,0.0] 89
[0.7000000000000001,0.0,0.29999999999999993] 98
[0.7000000000000001,0.05,0.2499999999999999] 98
[0.7000000000000001,0.1,0.19999999999999996] 111
[0.7000000000000001,0.15000000000000002,0.1499999999999999] 100
[0.7000000000000001,0.2,0.09999999999999987] 100
[0.7000000000000001,0.25,0.04999999999999993] 108
[0.7500000000000001,0.0,0.2499999999999999] 96
[0.7500000000000001,0.05,0.19999999999999984] 108
[0.7500000000000001,0.1,0.1499999999999999] 108
[0.7500000000000001,0.15000000000000002,0.09999999999999987] 85
[0.7500000000000001,0.2,0.04999999999999982] 99
[0.8000000000000002,0.0,0.19999999999999984] 100
[0.8000000000000002,0.05,0.1499999999999998] 109
[0.8000000000000002,0.1,0.09999999999999987] 101
[0.8000000000000002,0.15000000000000002,0.04999999999999982] 92
[0.8500000000000002,0.0,0.1499999999999998] 100
[0.8500000000000002,0.05,0.09999999999999976] 106
[0.8500000000000002,0.1,0.04999999999999982] 104
[0.9000000000000002,0.0,0.09999999999999976] 106
[0.9000000000000002,0.05,0.04999999999999971] 105
[0.9500000000000003,0.0,0.04999999999999971] 100
