[0.0,0.0,1.0] 50
[0.0,0.05,0.95] 47
[0.0,0.1,0.9] 44
[0.0,0.15000000000000002,0.85] 34
[0.0,0.2,0.8] 32
[0.0,0.25,0.75] 43
[0.0,0.3,0.7] 49
[0.0,0.35,0.65] 48
[0.0,0.39999999999999997,0.6000000000000001] 42
[0.0,0.44999999999999996,0.55] 49
[0.0,0.49999999999999994,0.5] 39
[0.0,0.5499999999999999,0.45000000000000007] 41
[0.0,0.6,0.4] 33
[0.0,0.65,0.35] 46
[0.0,0.7000000000000001,0.29999999999999993] 34
[0.0,0.7500000000000001,0.2499999999999999] 33
[0.0,0.8000000000000002,0.19999999999999984] 31
[0.0,0.8500000000000002,0.1499999999999998] 35
[0.0,0.9000000000000002,0.09999999999999976] 31
[0.0,0.9500000000000003,0.04999999999999971] 37
[0.05,0.0,0.95] 38
[0.05,0.05,0.9] 40
[0.05,0.1,0.85] 41
[0.05,0.15000000000000002,0.8] 60
[0.05,0.2,0.75] 60
[0.05,0.25,0.7] 43
[0.05,0.3,0.65] 49
[0.05,0.35,0.6000000000000001] 42
[0.05,0.39999999999999997,0.55] 48
[0.05,0.44999999999999996,0.5] 50
[0.05,0.49999999999999994,0.45000000000000007] 49
[0.05,0.5499999999999999,0.4] 40
[0.05,0.6,0.35] 43
[0.05,0.65,0.29999999999999993] 41
[0.05,0.7000000000000001,0.2499999999999999] 31
[0.05,0.7500000000000001,0.19999999999999984] 34
[0.05,0.8000000000000002,0.1499999999999998] 32
[0.05,0.8500000000000002,0.09999999999999976] 36
[0.05,0.9000000000000002,0.04999999999999971] 40
[0.1,0.0,0.9] 40
[0.1,0.05,0.85] 48
[0.1,0.1,0.8] 51
[0.1,0.15000000000000002,0.75] 60
[0.1,0.2,0.7] 43
[0.1,0.25,0.65] 49
[0.1,0.3,0.6] 51
[0.1,0.35,0.55] 55
[0.1,0.39999999999999997,0.5] 49
[0.1,0.44999999999999996,0.45000000000000007] 47
[0.1,0.49999999999999994,0.4] 41
[0.1,0.5499999999999999,0.3500000000000001] 34
[0.1,0.6,0.30000000000000004] 54
[0.1,0.65,0.25] 38
[0.1,0.7000000000000001,0.19999999999999996] 36
[0.1,0.7500000000000001,0.1499999999999999] 36
[0.1,0.8000000000000002,0.09999999999999987] 26
[0.1,0.8500000000000002,0.04999999999999982] 31
[0.15000000000000002,0.0,0.85] 40
[0.15000000000000002,0.05,0.8] 46
[0.15000000000000002,0.1,0.75] 43
[0.15000000000000002,0.15000000000000002,0.7] 43
[0.15000000000000002,0.2,0.6499999999999999] 42
[0.15000000000000002,0.25,0.6] 45
[0.15000000000000002,0.3,0.55] 55
[0.15000000000000002,0.35,0.5] 56
[0.15000000000000002,0.39999999999999997,0.44999999999999996] 49
[0.15000000000000002,0.44999999999999996,0.4] 53
[0.15000000000000002,0.49999999999999994,0.3500000000000001] 48
[0.15000000000000002,0.5499999999999999,0.30000000000000004] 55
[0.15000000000000002,0.6,0.25] 41
[0.15000000000000002,0.65,0.19999999999999996] 47
[0.15000000000000002,0.7000000000000001,0.1499999999999999] 41
[0.15000000000000002,0.7500000000000001,0.09999999999999987] 34
[0.15000000000000002,0.8000000000000002,0.04999999999999982] 45
[0.2,0.0,0.8] 54
[0.2,0.05,0.75] 60
[0.2,0.1,0.7] 50
[0.2,0.15000000000000002,0.6499999999999999] 61
[0.2,0.2,0.6] 52
[0.2,0.25,0.55] 55
[0.2,0.3,0.5] 63
[0.2,0.35,0.44999999999999996] 61
[0.2,0.39999999999999997,0.4] 64
[0.2,0.44999999999999996,0.3500000000000001] 59
[0.2,0.49999999999999994,0.30000000000000004] 53
[0.2,0.5499999999999999,0.25] 51
[0.2,0.6,0.19999999999999996] 43
[0.2,0.65,0.1499999999999999] 57
[0.2,0.7000000000000001,0.09999999999999987] 49
[0.2,0.7500000000000001,0.04999999999999982] 42
[0.25,0.0,0.75] 52
[0.25,0.05,0.7] 56
[0.25,0.1,0.65] 51
[0.25,0.15000000000000002,0.6] 56
[0.25,0.2,0.55] 59
[0.25,0.25,0.5] 64
[0.25,0.3,0.44999999999999996] 59
[0.25,0.35,0.4] 58
[0.25,0.39999999999999997,0.3500000000000001] 59
[0.25,0.44999999999999996,0.30000000000000004] 58
[0.25,0.49999999999999994,0.25] 64
[0.25,0.5499999999999999,0.20000000000000007] 60
[0.25,0.6,0.15000000000000002] 62
[0.25,0.65,0.09999999999999998] 43
[0.25,0.7000000000000001,0.04999999999999993] 44
[0.3,0.0,0.7] 46
[0.3,0.05,0.65] 59
[0.3,0.1,0.6] 55
[0.3,0.15000000000000002,0.55] 56
[0.3,0.2,0.5] 63
[0.3,0.25,0.44999999999999996] 67
[0.3,0.3,0.4] 76
[0.3,0.35,0.3500000000000001] 53
[0.3,0.39999999999999997,0.30000000000000004] 69
[0.3,0.44999999999999996,0.25] 61
[0.3,0.49999999999999994,0.20000000000000007] 60
[0.3,0.5499999999999999,0.15000000000000013] 50
[0.3,0.6,0.10000000000000009] 67
[0.3,0.65,0.050000000000000044] 42
[0.35,0.0,0.65] 60
[0.35,0.05,0.6000000000000001] 53
[0.35,0.1,0.55] 64
[0.35,0.15000000000000002,0.5] 63
[0.35,0.2,0.44999999999999996] 69
[0.35,0.25,0.4] 82
[0.35,0.3,0.3500000000000001] 62
[0.35,0.35,0.30000000000000004] 70
[0.35,0.39999999999999997,0.25] 83
[0.35,0.44999999999999996,0.20000000000000007] 60
[0.35,0.49999999999999994,0.15000000000000013] 60
[0.35,0.5499999999999999,0.10000000000000009] 60
[0.35,0.6,0.050000000000000044] 65
[0.35,0.65,0.0] 61
[0.39999999999999997,0.0,0.6000000000000001] 67
[0.39999999999999997,0.05,0.55] 60
[0.39999999999999997,0.1,0.5] 60
[0.39999999999999997,0.15000000000000002,0.44999999999999996] 79
[0.39999999999999997,0.2,0.4] 75
[0.39999999999999997,0.25,0.3500000000000001] 72
[0.39999999999999997,0.3,0.30000000000000004] 79
[0.39999999999999997,0.35,0.25] 78
[0.39999999999999997,0.39999999999999997,0.20000000000000007] 88
[0.39999999999999997,0.44999999999999996,0.15000000000000013] 61
[0.39999999999999997,0.49999999999999994,0.10000000000000009] 61
[0.39999999999999997,0.5499999999999999,0.050000000000000044] 62
[0.39999999999999997,0.6,0.0] 74
[0.44999999999999996,0.0,0.55] 59
[0.44999999999999996,0.05,0.5] 63
[0.44999999999999996,0.1,0.45000000000000007] 74
[0.44999999999999996,0.15000000000000002,0.4] 87
[0.44999999999999996,0.2,0.3500000000000001] 86
[0.44999999999999996,0.25,0.30000000000000004] 104
[0.44999999999999996,0.3,0.25] 82
[0.44999999999999996,0.35,0.20000000000000007] 77
[0.44999999999999996,0.39999999999999997,0.15000000000000013] 74
[0.44999999999999996,0.44999999999999996,0.10000000000000009] 81
[0.44999999999999996,0.49999999999999994,0.050000000000000044] 64
[0.44999999999999996,0.5499999999999999,1.1102230246251565E-16] 54
[0.49999999999999994,0.0,0.5] 62
[0.49999999999999994,0.05,0.45000000000000007] 78
[0.49999999999999994,0.1,0.4] 81
[0.49999999999999994,0.15000000000000002,0.3500000000000001] 82
[0.49999999999999994,0.2,0.30000000000000004] 85
[0.49999999999999994,0.25,0.25] 86
[0.49999999999999994,0.3,0.20000000000000007] 97
[0.49999999999999994,0.35,0.15000000000000013] 85
[0.49999999999999994,0.39999999999999997,0.10000000000000009] 72
[0.49999999999999994,0.44999999999999996,0.050000000000000044] 76
[0.49999999999999994,0.49999999999999994,1.1102230246251565E-16] 77
[0.5499999999999999,0.0,0.45000000000000007] 73
[0.5499999999999999,0.05,0.4] 91
[0.5499999999999999,0.1,0.3500000000000001] 105
[0.5499999999999999,0.15000000000000002,0.30000000000000004] 92
[0.5499999999999999,0.2,0.25] 82
[0.5499999999999999,0.25,0.20000000000000007] 98
[0.5499999999999999,0.3,0.15000000000000013] 103
[0.5499999999999999,0.35,0.10000000000000009] 84
[0.5499999999999999,0.39999999999999997,0.050000000000000044] 82
[0.5499999999999999,0.44999999999999996,1.1102230246251565E-16] 81
[0.6,0.0,0.4] 91
[0.6,0.05,0.35] 83
[0.6,0.1,0.30000000000000004] 93
[0.6,0.15000000000000002,0.25] 100
[0.6,0.2,0.19999999999999996] 95
[0.6,0.25,0.15000000000000002] 97
[0.6,0.3,0.10000000000000009] 104
[0.6,0.35,0.050000000000000044] 102
[0.6,0.39999999999999997,0.0] 85
[0.65,0.0,0.35] 88
[0.65,0.05,0.29999999999999993] 101
[0.65,0.1,0.25] 103
[0.65,0.15000000000000002,0.19999999999999996] 108
[0.65,0.2,0.1499999999999999] 100
[0.65,0.25,0.09999999999999998] 98
[0.65,0.3,0.050000000000000044] 100
[0.65,0.35,0.0] 78
[0.7000000000000001,0.0,0.29999999999999993] 92
[0.7000000000000001,0.05,0.2499999999999999] 101
[0.7000000000000001,0.1,0.19999999999999996] 97
[0.7000000000000001,0.15000000000000002,0.1499999999999999] 112
[0.7000000000000001,0.2,0.09999999999999987] 101
[0.7000000000000001,0.25,0.04999999999999993] 108
[0.7500000000000001,0.0,0.2499999999999999] 89
[0.7500000000000001,0.05,0.19999999999999984] 104
[0.7500000000000001,0.1,0.1499999999999999] 110
[0.7500000000000001,0.15000000000000002,0.09999999999999987] 104
[0.7500000000000001,0.2,0.04999999999999982] 103
[0.8000000000000002,0.0,0.19999999999999984] 100
[0.8000000000000002,0.05,0.1499999999999998] 112
[0.8000000000000002,0.1,0.09999999999999987] 111
[0.8000000000000002,0.15000000000000002,0.04999999999999982] 101
[0.8500000000000002,0.0,0.1499999999999998] 108
[0.8500000000000002,0.05,0.09999999999999976] 99
[0.8500000000000002,0.1,0.04999999999999982] 100
[0.9000000000000002,0.0,0.09999999999999976] 98
[0.9000000000000002,0.05,0.04999999999999971] 98
[0.9500000000000003,0.0,0.04999999999999971] 100
