[0.0, 0.0, 1.0] 87
[0.0, 0.05, 0.95] 87
[0.0, 0.1, 0.9] 99
[0.0, 0.15000000000000002, 0.85] 95
[0.0, 0.2, 0.8] 92
[0.0, 0.25, 0.75] 91
[0.0, 0.3, 0.7] 73
[0.0, 0.35, 0.65] 105
[0.0, 0.39999999999999997, 0.6000000000000001] 88
[0.0, 0.44999999999999996, 0.55] 89
[0.0, 0.49999999999999994, 0.5] 93
[0.0, 0.5499999999999999, 0.45000000000000007] 93
[0.0, 0.6, 0.4] 88
[0.0, 0.65, 0.35] 88
[0.0, 0.7000000000000001, 0.29999999999999993] 93
[0.0, 0.7500000000000001, 0.2499999999999999] 86
[0.0, 0.8000000000000002, 0.19999999999999984] 92
[0.0, 0.8500000000000002, 0.1499999999999998] 104
[0.0, 0.9000000000000002, 0.09999999999999976] 78
[0.0, 0.9500000000000003, 0.04999999999999971] 97
[0.05, 0.0, 0.95] 92
[0.05, 0.05, 0.9] 90
[0.05, 0.1, 0.85] 104
[0.05, 0.15000000000000002, 0.8] 86
[0.05, 0.2, 0.75] 93
[0.05, 0.25, 0.7] 104
[0.05, 0.3, 0.65] 95
[0.05, 0.35, 0.6000000000000001] 96
[0.05, 0.39999999999999997, 0.55] 84
[0.05, 0.44999999999999996, 0.5] 94
[0.05, 0.49999999999999994, 0.45000000000000007] 93
[0.05, 0.5499999999999999, 0.4] 90
[0.05, 0.6, 0.35] 96
[0.05, 0.65, 0.29999999999999993] 95
[0.05, 0.7000000000000001, 0.2499999999999999] 85
[0.05, 0.7500000000000001, 0.19999999999999984] 96
[0.05, 0.8000000000000002, 0.1499999999999998] 88
[0.05, 0.8500000000000002, 0.09999999999999976] 87
[0.05, 0.9000000000000002, 0.04999999999999971] 99
[0.1, 0.0, 0.9] 95
[0.1, 0.05, 0.85] 90
[0.1, 0.1, 0.8] 85
[0.1, 0.15000000000000002, 0.75] 105
[0.1, 0.2, 0.7] 88
[0.1, 0.25, 0.65] 97
[0.1, 0.3, 0.6] 86
[0.1, 0.35, 0.55] 96
[0.1, 0.39999999999999997, 0.5] 102
[0.1, 0.44999999999999996, 0.45000000000000007] 98
[0.1, 0.49999999999999994, 0.4] 107
[0.1, 0.5499999999999999, 0.3500000000000001] 91
[0.1, 0.6, 0.30000000000000004] 95
[0.1, 0.65, 0.25] 92
[0.1, 0.7000000000000001, 0.19999999999999996] 95
[0.1, 0.7500000000000001, 0.1499999999999999] 98
[0.1, 0.8000000000000002, 0.09999999999999987] 93
[0.1, 0.8500000000000002, 0.04999999999999982] 93
[0.15000000000000002, 0.0, 0.85] 75
[0.15000000000000002, 0.05, 0.8] 81
[0.15000000000000002, 0.1, 0.75] 97
[0.15000000000000002, 0.15000000000000002, 0.7] 95
[0.15000000000000002, 0.2, 0.6499999999999999] 113
[0.15000000000000002, 0.25, 0.6] 87
[0.15000000000000002, 0.3, 0.55] 85
[0.15000000000000002, 0.35, 0.5] 99
[0.15000000000000002, 0.39999999999999997, 0.44999999999999996] 90
[0.15000000000000002, 0.44999999999999996, 0.4] 94
[0.15000000000000002, 0.49999999999999994, 0.3500000000000001] 98
[0.15000000000000002, 0.5499999999999999, 0.30000000000000004] 90
[0.15000000000000002, 0.6, 0.25] 77
[0.15000000000000002, 0.65, 0.19999999999999996] 95
[0.15000000000000002, 0.7000000000000001, 0.1499999999999999] 78
[0.15000000000000002, 0.7500000000000001, 0.09999999999999987] 115
[0.15000000000000002, 0.8000000000000002, 0.04999999999999982] 102
[0.2, 0.0, 0.8] 94
[0.2, 0.05, 0.75] 92
[0.2, 0.1, 0.7] 104
[0.2, 0.15000000000000002, 0.6499999999999999] 104
[0.2, 0.2, 0.6] 98
[0.2, 0.25, 0.55] 91
[0.2, 0.3, 0.5] 76
[0.2, 0.35, 0.44999999999999996] 97
[0.2, 0.39999999999999997, 0.4] 80
[0.2, 0.44999999999999996, 0.3500000000000001] 100
[0.2, 0.49999999999999994, 0.30000000000000004] 94
[0.2, 0.5499999999999999, 0.25] 93
[0.2, 0.6, 0.19999999999999996] 98
[0.2, 0.65, 0.1499999999999999] 95
[0.2, 0.7000000000000001, 0.09999999999999987] 94
[0.2, 0.7500000000000001, 0.04999999999999982] 92
[0.25, 0.0, 0.75] 89
[0.25, 0.05, 0.7] 83
[0.25, 0.1, 0.65] 93
[0.25, 0.15000000000000002, 0.6] 109
[0.25, 0.2, 0.55] 80
[0.25, 0.25, 0.5] 95
[0.25, 0.3, 0.44999999999999996] 86
[0.25, 0.35, 0.4] 89
[0.25, 0.39999999999999997, 0.3500000000000001] 99
[0.25, 0.44999999999999996, 0.30000000000000004] 96
[0.25, 0.49999999999999994, 0.25] 102
[0.25, 0.5499999999999999, 0.20000000000000007] 92
[0.25, 0.6, 0.15000000000000002] 84
[0.25, 0.65, 0.09999999999999998] 97
[0.25, 0.7000000000000001, 0.04999999999999993] 93
[0.3, 0.0, 0.7] 84
[0.3, 0.05, 0.65] 91
[0.3, 0.1, 0.6] 94
[0.3, 0.15000000000000002, 0.55] 87
[0.3, 0.2, 0.5] 82
[0.3, 0.25, 0.44999999999999996] 104
[0.3, 0.3, 0.4] 95
[0.3, 0.35, 0.3500000000000001] 81
[0.3, 0.39999999999999997, 0.30000000000000004] 94
[0.3, 0.44999999999999996, 0.25] 83
[0.3, 0.49999999999999994, 0.20000000000000007] 90
[0.3, 0.5499999999999999, 0.15000000000000013] 73
[0.3, 0.6, 0.10000000000000009] 99
[0.3, 0.65, 0.050000000000000044] 87
[0.35, 0.0, 0.65] 93
[0.35, 0.05, 0.6000000000000001] 92
[0.35, 0.1, 0.55] 90
[0.35, 0.15000000000000002, 0.5] 79
[0.35, 0.2, 0.44999999999999996] 90
[0.35, 0.25, 0.4] 90
[0.35, 0.3, 0.3500000000000001] 94
[0.35, 0.35, 0.30000000000000004] 89
[0.35, 0.39999999999999997, 0.25] 93
[0.35, 0.44999999999999996, 0.20000000000000007] 94
[0.35, 0.49999999999999994, 0.15000000000000013] 81
[0.35, 0.5499999999999999, 0.10000000000000009] 95
[0.35, 0.6, 0.050000000000000044] 91
[0.39999999999999997, 0.0, 0.6000000000000001] 101
[0.39999999999999997, 0.05, 0.55] 91
[0.39999999999999997, 0.1, 0.5] 83
[0.39999999999999997, 0.15000000000000002, 0.44999999999999996] 93
[0.39999999999999997, 0.2, 0.4] 89
[0.39999999999999997, 0.25, 0.3500000000000001] 95
[0.39999999999999997, 0.3, 0.30000000000000004] 91
[0.39999999999999997, 0.35, 0.25] 91
[0.39999999999999997, 0.39999999999999997, 0.20000000000000007] 96
[0.39999999999999997, 0.44999999999999996, 0.15000000000000013] 94
[0.39999999999999997, 0.49999999999999994, 0.10000000000000009] 93
[0.39999999999999997, 0.5499999999999999, 0.050000000000000044] 95
[0.39999999999999997, 0.6, 0.0] 100
[0.44999999999999996, 0.0, 0.55] 79
[0.44999999999999996, 0.05, 0.5] 91
[0.44999999999999996, 0.1, 0.45000000000000007] 100
[0.44999999999999996, 0.15000000000000002, 0.4] 97
[0.44999999999999996, 0.2, 0.3500000000000001] 105
[0.44999999999999996, 0.25, 0.30000000000000004] 88
[0.44999999999999996, 0.3, 0.25] 94
[0.44999999999999996, 0.35, 0.20000000000000007] 83
[0.44999999999999996, 0.39999999999999997, 0.15000000000000013] 94
[0.44999999999999996, 0.44999999999999996, 0.10000000000000009] 94
[0.44999999999999996, 0.49999999999999994, 0.050000000000000044] 94
[0.44999999999999996, 0.5499999999999999, 1.1102230246251565E-16] 88
[0.49999999999999994, 0.0, 0.5] 107
[0.49999999999999994, 0.05, 0.45000000000000007] 101
[0.49999999999999994, 0.1, 0.4] 88
[0.49999999999999994, 0.15000000000000002, 0.3500000000000001] 87
[0.49999999999999994, 0.2, 0.30000000000000004] 90
[0.49999999999999994, 0.25, 0.25] 85
[0.49999999999999994, 0.3, 0.20000000000000007] 94
[0.49999999999999994, 0.35, 0.15000000000000013] 83
[0.49999999999999994, 0.39999999999999997, 0.10000000000000009] 98
[0.49999999999999994, 0.44999999999999996, 0.050000000000000044] 98
[0.49999999999999994, 0.49999999999999994, 1.1102230246251565E-16] 76
[0.5499999999999999, 0.0, 0.45000000000000007] 76
[0.5499999999999999, 0.05, 0.4] 96
[0.5499999999999999, 0.1, 0.3500000000000001] 88
[0.5499999999999999, 0.15000000000000002, 0.30000000000000004] 86
[0.5499999999999999, 0.2, 0.25] 85
[0.5499999999999999, 0.25, 0.20000000000000007] 91
[0.5499999999999999, 0.3, 0.15000000000000013] 94
[0.5499999999999999, 0.35, 0.10000000000000009] 105
[0.5499999999999999, 0.39999999999999997, 0.050000000000000044] 81
[0.5499999999999999, 0.44999999999999996, 1.1102230246251565E-16] 87
[0.6, 0.0, 0.4] 93
[0.6, 0.05, 0.35] 82
[0.6, 0.1, 0.30000000000000004] 101
[0.6, 0.15000000000000002, 0.25] 90
[0.6, 0.2, 0.19999999999999996] 81
[0.6, 0.25, 0.15000000000000002] 89
[0.6, 0.3, 0.10000000000000009] 93
[0.6, 0.35, 0.050000000000000044] 91
[0.6, 0.39999999999999997, 0.0] 100
[0.65, 0.0, 0.35] 92
[0.65, 0.05, 0.29999999999999993] 90
[0.65, 0.1, 0.25] 84
[0.65, 0.15000000000000002, 0.19999999999999996] 90
[0.65, 0.2, 0.1499999999999999] 101
[0.65, 0.25, 0.09999999999999998] 91
[0.65, 0.3, 0.050000000000000044] 90
[0.7000000000000001, 0.0, 0.29999999999999993] 92
[0.7000000000000001, 0.05, 0.2499999999999999] 95
[0.7000000000000001, 0.1, 0.19999999999999996] 103
[0.7000000000000001, 0.15000000000000002, 0.1499999999999999] 94
[0.7000000000000001, 0.2, 0.09999999999999987] 89
[0.7000000000000001, 0.25, 0.04999999999999993] 93
[0.7500000000000001, 0.0, 0.2499999999999999] 90
[0.7500000000000001, 0.05, 0.19999999999999984] 85
[0.7500000000000001, 0.1, 0.1499999999999999] 96
[0.7500000000000001, 0.15000000000000002, 0.09999999999999987] 98
[0.7500000000000001, 0.2, 0.04999999999999982] 95
[0.8000000000000002, 0.0, 0.19999999999999984] 82
[0.8000000000000002, 0.05, 0.1499999999999998] 93
[0.8000000000000002, 0.1, 0.09999999999999987] 81
[0.8000000000000002, 0.15000000000000002, 0.04999999999999982] 94
[0.8500000000000002, 0.0, 0.1499999999999998] 98
[0.8500000000000002, 0.05, 0.09999999999999976] 96
[0.8500000000000002, 0.1, 0.04999999999999982] 91
[0.9000000000000002, 0.0, 0.09999999999999976] 94
[0.9000000000000002, 0.05, 0.04999999999999971] 106
[0.9500000000000003, 0.0, 0.04999999999999971] 84
