[0.0, 0.0, 1.0] 66
[0.0, 0.05, 0.95] 64
[0.0, 0.1, 0.9] 48
[0.0, 0.15000000000000002, 0.85] 57
[0.0, 0.2, 0.8] 59
[0.0, 0.25, 0.75] 69
[0.0, 0.3, 0.7] 55
[0.0, 0.35, 0.65] 63
[0.0, 0.39999999999999997, 0.6000000000000001] 58
[0.0, 0.44999999999999996, 0.55] 51
[0.0, 0.49999999999999994, 0.5] 67
[0.0, 0.5499999999999999, 0.45000000000000007] 55
[0.0, 0.6, 0.4] 52
[0.0, 0.65, 0.35] 83
[0.0, 0.7000000000000001, 0.29999999999999993] 87
[0.0, 0.7500000000000001, 0.2499999999999999] 51
[0.0, 0.8000000000000002, 0.19999999999999984] 74
[0.0, 0.8500000000000002, 0.1499999999999998] 78
[0.0, 0.9000000000000002, 0.09999999999999976] 74
[0.0, 0.9500000000000003, 0.04999999999999971] 39
[0.05, 0.0, 0.95] 74
[0.05, 0.05, 0.9] 66
[0.05, 0.1, 0.85] 64
[0.05, 0.15000000000000002, 0.8] 57
[0.05, 0.2, 0.75] 59
[0.05, 0.25, 0.7] 67
[0.05, 0.3, 0.65] 96
[0.05, 0.35, 0.6000000000000001] 91
[0.05, 0.39999999999999997, 0.55] 86
[0.05, 0.44999999999999996, 0.5] 98
[0.05, 0.49999999999999994, 0.45000000000000007] 90
[0.05, 0.5499999999999999, 0.4] 80
[0.05, 0.6, 0.35] 85
[0.05, 0.65, 0.29999999999999993] 74
[0.05, 0.7000000000000001, 0.2499999999999999] 82
[0.05, 0.7500000000000001, 0.19999999999999984] 91
[0.05, 0.8000000000000002, 0.1499999999999998] 77
[0.05, 0.8500000000000002, 0.09999999999999976] 100
[0.05, 0.9000000000000002, 0.04999999999999971] 89
[0.1, 0.0, 0.9] 35
[0.1, 0.05, 0.85] 42
[0.1, 0.1, 0.8] 93
[0.1, 0.15000000000000002, 0.75] 98
[0.1, 0.2, 0.7] 45
[0.1, 0.25, 0.65] 48
[0.1, 0.3, 0.6] 65
[0.1, 0.35, 0.55] 49
[0.1, 0.39999999999999997, 0.5] 93
[0.1, 0.44999999999999996, 0.45000000000000007] 46
[0.1, 0.49999999999999994, 0.4] 91
[0.1, 0.5499999999999999, 0.3500000000000001] 50
[0.1, 0.6, 0.30000000000000004] 105
[0.1, 0.65, 0.25] 93
[0.1, 0.7000000000000001, 0.19999999999999996] 59
[0.1, 0.7500000000000001, 0.1499999999999999] 60
[0.1, 0.8000000000000002, 0.09999999999999987] 64
[0.1, 0.8500000000000002, 0.04999999999999982] 63
[0.15000000000000002, 0.0, 0.85] 62
[0.15000000000000002, 0.05, 0.8] 73
[0.15000000000000002, 0.1, 0.75] 64
[0.15000000000000002, 0.15000000000000002, 0.7] 64
[0.15000000000000002, 0.2, 0.6499999999999999] 51
[0.15000000000000002, 0.25, 0.6] 65
[0.15000000000000002, 0.3, 0.55] 57
[0.15000000000000002, 0.35, 0.5] 43
[0.15000000000000002, 0.39999999999999997, 0.44999999999999996] 59
[0.15000000000000002, 0.44999999999999996, 0.4] 94
[0.15000000000000002, 0.49999999999999994, 0.3500000000000001] 89
[0.15000000000000002, 0.5499999999999999, 0.30000000000000004] 70
[0.15000000000000002, 0.6, 0.25] 74
[0.15000000000000002, 0.65, 0.19999999999999996] 76
[0.15000000000000002, 0.7000000000000001, 0.1499999999999999] 75
[0.15000000000000002, 0.7500000000000001, 0.09999999999999987] 34
[0.15000000000000002, 0.8000000000000002, 0.04999999999999982] 73
[0.2, 0.0, 0.8] 67
[0.2, 0.05, 0.75] 75
[0.2, 0.1, 0.7] 71
[0.2, 0.15000000000000002, 0.6499999999999999] 54
[0.2, 0.2, 0.6] 53
[0.2, 0.25, 0.55] 76
[0.2, 0.3, 0.5] 88
[0.2, 0.35, 0.44999999999999996] 90
[0.2, 0.39999999999999997, 0.4] 105
[0.2, 0.44999999999999996, 0.3500000000000001] 105
[0.2, 0.49999999999999994, 0.30000000000000004] 93
[0.2, 0.5499999999999999, 0.25] 77
[0.2, 0.6, 0.19999999999999996] 74
[0.2, 0.65, 0.1499999999999999] 80
[0.2, 0.7000000000000001, 0.09999999999999987] 83
[0.2, 0.7500000000000001, 0.04999999999999982] 97
[0.25, 0.0, 0.75] 100
[0.25, 0.05, 0.7] 92
[0.25, 0.1, 0.65] 97
[0.25, 0.15000000000000002, 0.6] 48
[0.25, 0.2, 0.55] 29
[0.25, 0.25, 0.5] 102
[0.25, 0.3, 0.44999999999999996] 95
[0.25, 0.35, 0.4] 47
[0.25, 0.39999999999999997, 0.3500000000000001] 51
[0.25, 0.44999999999999996, 0.30000000000000004] 56
[0.25, 0.49999999999999994, 0.25] 63
[0.25, 0.5499999999999999, 0.20000000000000007] 93
[0.25, 0.6, 0.15000000000000002] 53
[0.25, 0.65, 0.09999999999999998] 105
[0.25, 0.7000000000000001, 0.04999999999999993] 49
[0.3, 0.0, 0.7] 105
[0.3, 0.05, 0.65] 87
[0.3, 0.1, 0.6] 69
[0.3, 0.15000000000000002, 0.55] 54
[0.3, 0.2, 0.5] 52
[0.3, 0.25, 0.44999999999999996] 59
[0.3, 0.3, 0.4] 63
[0.3, 0.35, 0.3500000000000001] 64
[0.3, 0.39999999999999997, 0.30000000000000004] 57
[0.3, 0.44999999999999996, 0.25] 50
[0.3, 0.49999999999999994, 0.20000000000000007] 60
[0.3, 0.5499999999999999, 0.15000000000000013] 55
[0.3, 0.6, 0.10000000000000009] 64
[0.3, 0.65, 0.050000000000000044] 63
[0.35, 0.0, 0.65] 61
[0.35, 0.05, 0.6000000000000001] 89
[0.35, 0.1, 0.55] 87
[0.35, 0.15000000000000002, 0.5] 51
[0.35, 0.2, 0.44999999999999996] 74
[0.35, 0.25, 0.4] 64
[0.35, 0.3, 0.3500000000000001] 80
[0.35, 0.35, 0.30000000000000004] 42
[0.35, 0.39999999999999997, 0.25] 68
[0.35, 0.44999999999999996, 0.20000000000000007] 64
[0.35, 0.49999999999999994, 0.15000000000000013] 77
[0.35, 0.5499999999999999, 0.10000000000000009] 58
[0.35, 0.6, 0.050000000000000044] 45
[0.39999999999999997, 0.0, 0.6000000000000001] 64
[0.39999999999999997, 0.05, 0.55] 74
[0.39999999999999997, 0.1, 0.5] 94
[0.39999999999999997, 0.15000000000000002, 0.44999999999999996] 87
[0.39999999999999997, 0.2, 0.4] 87
[0.39999999999999997, 0.25, 0.3500000000000001] 93
[0.39999999999999997, 0.3, 0.30000000000000004] 96
[0.39999999999999997, 0.35, 0.25] 78
[0.39999999999999997, 0.39999999999999997, 0.20000000000000007] 74
[0.39999999999999997, 0.44999999999999996, 0.15000000000000013] 93
[0.39999999999999997, 0.49999999999999994, 0.10000000000000009] 71
[0.39999999999999997, 0.5499999999999999, 0.050000000000000044] 82
[0.39999999999999997, 0.6, 0.0] 89
[0.44999999999999996, 0.0, 0.55] 98
[0.44999999999999996, 0.05, 0.5] 88
[0.44999999999999996, 0.1, 0.45000000000000007] 52
[0.44999999999999996, 0.15000000000000002, 0.4] 42
[0.44999999999999996, 0.2, 0.3500000000000001] 92
[0.44999999999999996, 0.25, 0.30000000000000004] 106
[0.44999999999999996, 0.3, 0.25] 41
[0.44999999999999996, 0.35, 0.20000000000000007] 55
[0.44999999999999996, 0.39999999999999997, 0.15000000000000013] 56
[0.44999999999999996, 0.44999999999999996, 0.10000000000000009] 49
[0.44999999999999996, 0.49999999999999994, 0.050000000000000044] 88
[0.44999999999999996, 0.5499999999999999, 1.1102230246251565E-16] 49
[0.49999999999999994, 0.0, 0.5] 84
[0.49999999999999994, 0.05, 0.45000000000000007] 46
[0.49999999999999994, 0.1, 0.4] 97
[0.49999999999999994, 0.15000000000000002, 0.3500000000000001] 95
[0.49999999999999994, 0.2, 0.30000000000000004] 57
[0.49999999999999994, 0.25, 0.25] 62
[0.49999999999999994, 0.3, 0.20000000000000007] 51
[0.49999999999999994, 0.35, 0.15000000000000013] 56
[0.49999999999999994, 0.39999999999999997, 0.10000000000000009] 71
[0.49999999999999994, 0.44999999999999996, 0.050000000000000044] 61
[0.49999999999999994, 0.49999999999999994, 1.1102230246251565E-16] 68
[0.5499999999999999, 0.0, 0.45000000000000007] 56
[0.5499999999999999, 0.05, 0.4] 58
[0.5499999999999999, 0.1, 0.3500000000000001] 55
[0.5499999999999999, 0.15000000000000002, 0.30000000000000004] 44
[0.5499999999999999, 0.2, 0.25] 59
[0.5499999999999999, 0.25, 0.20000000000000007] 60
[0.5499999999999999, 0.3, 0.15000000000000013] 98
[0.5499999999999999, 0.35, 0.10000000000000009] 80
[0.5499999999999999, 0.39999999999999997, 0.050000000000000044] 69
[0.5499999999999999, 0.44999999999999996, 1.1102230246251565E-16] 53
[0.6, 0.0, 0.4] 74
[0.6, 0.05, 0.35] 72
[0.6, 0.1, 0.30000000000000004] 40
[0.6, 0.15000000000000002, 0.25] 82
[0.6, 0.2, 0.19999999999999996] 65
[0.6, 0.25, 0.15000000000000002] 74
[0.6, 0.3, 0.10000000000000009] 57
[0.6, 0.35, 0.050000000000000044] 63
[0.6, 0.39999999999999997, 0.0] 48
[0.65, 0.0, 0.35] 53
[0.65, 0.05, 0.29999999999999993] 85
[0.65, 0.1, 0.25] 95
[0.65, 0.15000000000000002, 0.19999999999999996] 88
[0.65, 0.2, 0.1499999999999999] 101
[0.65, 0.25, 0.09999999999999998] 96
[0.65, 0.3, 0.050000000000000044] 100
[0.7000000000000001, 0.0, 0.29999999999999993] 82
[0.7000000000000001, 0.05, 0.2499999999999999] 81
[0.7000000000000001, 0.1, 0.19999999999999996] 79
[0.7000000000000001, 0.15000000000000002, 0.1499999999999999] 87
[0.7000000000000001, 0.2, 0.09999999999999987] 81
[0.7000000000000001, 0.25, 0.04999999999999993] 96
[0.7500000000000001, 0.0, 0.2499999999999999] 95
[0.7500000000000001, 0.05, 0.19999999999999984] 44
[0.7500000000000001, 0.1, 0.1499999999999999] 32
[0.7500000000000001, 0.15000000000000002, 0.09999999999999987] 115
[0.7500000000000001, 0.2, 0.04999999999999982] 98
[0.8000000000000002, 0.0, 0.19999999999999984] 51
[0.8000000000000002, 0.05, 0.1499999999999998] 46
[0.8000000000000002, 0.1, 0.09999999999999987] 54
[0.8000000000000002, 0.15000000000000002, 0.04999999999999982] 54
[0.8500000000000002, 0.0, 0.1499999999999998] 101
[0.8500000000000002, 0.05, 0.09999999999999976] 52
[0.8500000000000002, 0.1, 0.04999999999999982] 96
[0.9000000000000002, 0.0, 0.09999999999999976] 43
[0.9000000000000002, 0.05, 0.04999999999999971] 101
[0.9500000000000003, 0.0, 0.04999999999999971] 90
