Using command-line arguments: 3, E
Self: Ensemble player
Using these parameters as a base (some values will change in the exhaustive search):
[0.4, 0.4, 0.2, 0.35, 0.9, 0.4, 0.6, 0.05, 0.5, 0.4, 0.6, 0.8380616650330837, 0.06152068390417398, 0.38258062302368523, 0.39810496473742085, 0.10844666639491507, 0.37763392278384067, 0.2706576839587317, 0.2077890824329678, 0.47922119839098565, 1.0, 1.0, 0.0, 2.75, 0.0, 0.25, 10.0, 0.0, 6.0, 8.0, 14.0, 0.19999999999999998, 0.5000000000000001, 0.09999999999999999, 0.09999999999999999, 0.09999999999999999, 0.0]
      0, 0.000, 0.000
      1, 0.000, 0.250
      2, 0.000, 0.500
      3, 0.000, 0.750
      4, 0.000, 1.000
      5, 0.000, 1.250
      6, 0.000, 1.500
      7, 0.000, 1.750
      8, 0.000, 2.000
      9, 0.000, 2.250
     10, 0.000, 2.500
     11, 0.000, 2.750
     12, 0.000, 3.000
     13, 0.000, 3.250
     14, 0.000, 3.500
     15, 0.000, 3.750
     16, 0.000, 4.000
     17, 0.100, 0.000
     18, 0.100, 0.250
     19, 0.100, 0.500
     20, 0.100, 0.750
     21, 0.100, 1.000
     22, 0.100, 1.250
     23, 0.100, 1.500
     24, 0.100, 1.750
     25, 0.100, 2.000
     26, 0.100, 2.250
     27, 0.100, 2.500
     28, 0.100, 2.750
     29, 0.100, 3.000
     30, 0.100, 3.250
     31, 0.100, 3.500
     32, 0.100, 3.750
     33, 0.100, 4.000
     34, 0.200, 0.000
     35, 0.200, 0.250
     36, 0.200, 0.500
     37, 0.200, 0.750
     38, 0.200, 1.000
     39, 0.200, 1.250
     40, 0.200, 1.500
     41, 0.200, 1.750
     42, 0.200, 2.000
     43, 0.200, 2.250
     44, 0.200, 2.500
     45, 0.200, 2.750
     46, 0.200, 3.000
     47, 0.200, 3.250
     48, 0.200, 3.500
     49, 0.200, 3.750
     50, 0.200, 4.000
     51, 0.300, 0.000
     52, 0.300, 0.250
     53, 0.300, 0.500
     54, 0.300, 0.750
     55, 0.300, 1.000
     56, 0.300, 1.250
     57, 0.300, 1.500
     58, 0.300, 1.750
     59, 0.300, 2.000
     60, 0.300, 2.250
     61, 0.300, 2.500
     62, 0.300, 2.750
     63, 0.300, 3.000
     64, 0.300, 3.250
     65, 0.300, 3.500
     66, 0.300, 3.750
     67, 0.300, 4.000
     68, 0.400, 0.000
     69, 0.400, 0.250
     70, 0.400, 0.500
     71, 0.400, 0.750
     72, 0.400, 1.000
     73, 0.400, 1.250
     74, 0.400, 1.500
     75, 0.400, 1.750
     76, 0.400, 2.000
     77, 0.400, 2.250
     78, 0.400, 2.500
     79, 0.400, 2.750
     80, 0.400, 3.000
     81, 0.400, 3.250
     82, 0.400, 3.500
     83, 0.400, 3.750
     84, 0.400, 4.000
     85, 0.500, 0.000
     86, 0.500, 0.250
     87, 0.500, 0.500
     88, 0.500, 0.750
     89, 0.500, 1.000
     90, 0.500, 1.250
     91, 0.500, 1.500
     92, 0.500, 1.750
     93, 0.500, 2.000
     94, 0.500, 2.250
     95, 0.500, 2.500
     96, 0.500, 2.750
     97, 0.500, 3.000
     98, 0.500, 3.250
     99, 0.500, 3.500
    100, 0.500, 3.750
    101, 0.500, 4.000
    102, 0.600, 0.000
    103, 0.600, 0.250
    104, 0.600, 0.500
    105, 0.600, 0.750
    106, 0.600, 1.000
    107, 0.600, 1.250
    108, 0.600, 1.500
    109, 0.600, 1.750
    110, 0.600, 2.000
    111, 0.600, 2.250
    112, 0.600, 2.500
    113, 0.600, 2.750
    114, 0.600, 3.000
    115, 0.600, 3.250
    116, 0.600, 3.500
    117, 0.600, 3.750
    118, 0.600, 4.000
    119, 0.700, 0.000
    120, 0.700, 0.250
    121, 0.700, 0.500
    122, 0.700, 0.750
    123, 0.700, 1.000
    124, 0.700, 1.250
    125, 0.700, 1.500
    126, 0.700, 1.750
    127, 0.700, 2.000
    128, 0.700, 2.250
    129, 0.700, 2.500
    130, 0.700, 2.750
    131, 0.700, 3.000
    132, 0.700, 3.250
    133, 0.700, 3.500
    134, 0.700, 3.750
    135, 0.700, 4.000
    136, 0.800, 0.000
    137, 0.800, 0.250
    138, 0.800, 0.500
    139, 0.800, 0.750
    140, 0.800, 1.000
    141, 0.800, 1.250
    142, 0.800, 1.500
    143, 0.800, 1.750
    144, 0.800, 2.000
    145, 0.800, 2.250
    146, 0.800, 2.500
    147, 0.800, 2.750
    148, 0.800, 3.000
    149, 0.800, 3.250
    150, 0.800, 3.500
    151, 0.800, 3.750
    152, 0.800, 4.000
    153, 0.900, 0.000
    154, 0.900, 0.250
    155, 0.900, 0.500
    156, 0.900, 0.750
    157, 0.900, 1.000
    158, 0.900, 1.250
    159, 0.900, 1.500
    160, 0.900, 1.750
    161, 0.900, 2.000
    162, 0.900, 2.250
    163, 0.900, 2.500
    164, 0.900, 2.750
    165, 0.900, 3.000
    166, 0.900, 3.250
    167, 0.900, 3.500
    168, 0.900, 3.750
    169, 0.900, 4.000
    170, 1.000, 0.000
    171, 1.000, 0.250
    172, 1.000, 0.500
    173, 1.000, 0.750
    174, 1.000, 1.000
    175, 1.000, 1.250
    176, 1.000, 1.500
    177, 1.000, 1.750
    178, 1.000, 2.000
    179, 1.000, 2.250
    180, 1.000, 2.500
    181, 1.000, 2.750
    182, 1.000, 3.000
    183, 1.000, 3.250
    184, 1.000, 3.500
    185, 1.000, 3.750
    186, 1.000, 4.000
LinearDeadwoodPenaltyHE ParamLists are ready.
numIndividuals: 187. Correct number is: 187
=============== runExhaustiveTest ===============
gamesPerIndividual: 5000
========== Subset 0 ==========
First paramlist (row 0): p22: 0.0  p23: 0.0  
Last paramlist (row 186): p22: 1.0  p23: 4.0  
Size: 187
0 1 2 3 4 5 6 7 8 9 10 11 12 13 14 15 16 17 18 19 20 21 22 23 24 25 26 27 28 29 30 31 32 33 34 35 36 37 38 39 40 41 42 43 44 45 46 47 48 49 50 51 52 53 54 55 56 57 58 59 60 61 62 63 64 65 66 67 68 69 70 71 72 73 74 75 76 77 78 79 80 81 82 83 84 85 86 87 88 89 90 91 92 93 94 95 96 97 98 99 100 101 102 103 104 105 106 107 108 109 110 111 112 113 114 115 116 117 118 119 120 121 122 123 124 125 126 127 128 129 130 131 132 133 134 135 136 137 138 139 140 141 142 143 144 145 146 147 148 149 150 151 152 153 154 155 156 157 158 159 160 161 162 163 164 165 166 167 168 169 170 171 172 173 174 175 176 177 178 179 180 181 182 183 184 185 186 
Subset 0 results:
----------------------------------------
Table of results: 
ID, p22, p23, winRate
0, 0.000000, 0.000000, 0.718
1, 0.000000, 0.250000, 0.7132
2, 0.000000, 0.500000, 0.725
3, 0.000000, 0.750000, 0.7258
4, 0.000000, 1.000000, 0.7164
5, 0.000000, 1.250000, 0.73
6, 0.000000, 1.500000, 0.729
7, 0.000000, 1.750000, 0.7142
8, 0.000000, 2.000000, 0.7268
9, 0.000000, 2.250000, 0.727
10, 0.000000, 2.500000, 0.7108
11, 0.000000, 2.750000, 0.7338
12, 0.000000, 3.000000, 0.723
13, 0.000000, 3.250000, 0.7328
14, 0.000000, 3.500000, 0.7216
15, 0.000000, 3.750000, 0.7234
16, 0.000000, 4.000000, 0.7232
17, 0.100000, 0.000000, 0.7044
18, 0.100000, 0.250000, 0.6962
19, 0.100000, 0.500000, 0.6826
20, 0.100000, 0.750000, 0.6566
21, 0.100000, 1.000000, 0.5916
22, 0.100000, 1.250000, 0.5372
23, 0.100000, 1.500000, 0.5036
24, 0.100000, 1.750000, 0.4842
25, 0.100000, 2.000000, 0.455
26, 0.100000, 2.250000, 0.4598
27, 0.100000, 2.500000, 0.4586
28, 0.100000, 2.750000, 0.4612
29, 0.100000, 3.000000, 0.4574
30, 0.100000, 3.250000, 0.4564
31, 0.100000, 3.500000, 0.4454
32, 0.100000, 3.750000, 0.4502
33, 0.100000, 4.000000, 0.4678
34, 0.200000, 0.000000, 0.6902
35, 0.200000, 0.250000, 0.656
36, 0.200000, 0.500000, 0.6382
37, 0.200000, 0.750000, 0.5864
38, 0.200000, 1.000000, 0.554
39, 0.200000, 1.250000, 0.5164
40, 0.200000, 1.500000, 0.4956
41, 0.200000, 1.750000, 0.4824
42, 0.200000, 2.000000, 0.479
43, 0.200000, 2.250000, 0.4672
44, 0.200000, 2.500000, 0.4574
45, 0.200000, 2.750000, 0.473
46, 0.200000, 3.000000, 0.4652
47, 0.200000, 3.250000, 0.4572
48, 0.200000, 3.500000, 0.4588
49, 0.200000, 3.750000, 0.458
50, 0.200000, 4.000000, 0.469
51, 0.300000, 0.000000, 0.6858
52, 0.300000, 0.250000, 0.6246
53, 0.300000, 0.500000, 0.5888
54, 0.300000, 0.750000, 0.546
55, 0.300000, 1.000000, 0.5144
56, 0.300000, 1.250000, 0.5014
57, 0.300000, 1.500000, 0.4902
58, 0.300000, 1.750000, 0.4826
59, 0.300000, 2.000000, 0.4702
60, 0.300000, 2.250000, 0.4736
61, 0.300000, 2.500000, 0.4826
62, 0.300000, 2.750000, 0.468
63, 0.300000, 3.000000, 0.4686
64, 0.300000, 3.250000, 0.4688
65, 0.300000, 3.500000, 0.4708
66, 0.300000, 3.750000, 0.4646
67, 0.300000, 4.000000, 0.4778
68, 0.400000, 0.000000, 0.6768
69, 0.400000, 0.250000, 0.606
70, 0.400000, 0.500000, 0.563
71, 0.400000, 0.750000, 0.5382
72, 0.400000, 1.000000, 0.521
73, 0.400000, 1.250000, 0.504
74, 0.400000, 1.500000, 0.4938
75, 0.400000, 1.750000, 0.4958
76, 0.400000, 2.000000, 0.4942
77, 0.400000, 2.250000, 0.491
78, 0.400000, 2.500000, 0.4802
79, 0.400000, 2.750000, 0.479
80, 0.400000, 3.000000, 0.4852
81, 0.400000, 3.250000, 0.4788
82, 0.400000, 3.500000, 0.471
83, 0.400000, 3.750000, 0.4894
84, 0.400000, 4.000000, 0.4774
85, 0.500000, 0.000000, 0.6644
86, 0.500000, 0.250000, 0.5768
87, 0.500000, 0.500000, 0.5538
88, 0.500000, 0.750000, 0.5198
89, 0.500000, 1.000000, 0.523
90, 0.500000, 1.250000, 0.5144
91, 0.500000, 1.500000, 0.5126
92, 0.500000, 1.750000, 0.4998
93, 0.500000, 2.000000, 0.5026
94, 0.500000, 2.250000, 0.4916
95, 0.500000, 2.500000, 0.5082
96, 0.500000, 2.750000, 0.4926
97, 0.500000, 3.000000, 0.494
98, 0.500000, 3.250000, 0.497
99, 0.500000, 3.500000, 0.4868
100, 0.500000, 3.750000, 0.5
101, 0.500000, 4.000000, 0.5056
102, 0.600000, 0.000000, 0.6524
103, 0.600000, 0.250000, 0.5516
104, 0.600000, 0.500000, 0.5534
105, 0.600000, 0.750000, 0.5288
106, 0.600000, 1.000000, 0.5224
107, 0.600000, 1.250000, 0.5102
108, 0.600000, 1.500000, 0.5014
109, 0.600000, 1.750000, 0.5196
110, 0.600000, 2.000000, 0.5118
111, 0.600000, 2.250000, 0.506
112, 0.600000, 2.500000, 0.5028
113, 0.600000, 2.750000, 0.5046
114, 0.600000, 3.000000, 0.5064
115, 0.600000, 3.250000, 0.5002
116, 0.600000, 3.500000, 0.5202
117, 0.600000, 3.750000, 0.5118
118, 0.600000, 4.000000, 0.4902
119, 0.700000, 0.000000, 0.6338
120, 0.700000, 0.250000, 0.5746
121, 0.700000, 0.500000, 0.5382
122, 0.700000, 0.750000, 0.5296
123, 0.700000, 1.000000, 0.529
124, 0.700000, 1.250000, 0.5178
125, 0.700000, 1.500000, 0.4952
126, 0.700000, 1.750000, 0.5138
127, 0.700000, 2.000000, 0.5224
128, 0.700000, 2.250000, 0.5172
129, 0.700000, 2.500000, 0.5016
130, 0.700000, 2.750000, 0.5178
131, 0.700000, 3.000000, 0.509
132, 0.700000, 3.250000, 0.519
133, 0.700000, 3.500000, 0.5046
134, 0.700000, 3.750000, 0.5238
135, 0.700000, 4.000000, 0.5148
136, 0.800000, 0.000000, 0.624
137, 0.800000, 0.250000, 0.5428
138, 0.800000, 0.500000, 0.536
139, 0.800000, 0.750000, 0.5242
140, 0.800000, 1.000000, 0.5252
141, 0.800000, 1.250000, 0.5034
142, 0.800000, 1.500000, 0.525
143, 0.800000, 1.750000, 0.5156
144, 0.800000, 2.000000, 0.5154
145, 0.800000, 2.250000, 0.5266
146, 0.800000, 2.500000, 0.5206
147, 0.800000, 2.750000, 0.5014
148, 0.800000, 3.000000, 0.5132
149, 0.800000, 3.250000, 0.5156
150, 0.800000, 3.500000, 0.504
151, 0.800000, 3.750000, 0.5176
152, 0.800000, 4.000000, 0.5142
153, 0.900000, 0.000000, 0.6222
154, 0.900000, 0.250000, 0.5464
155, 0.900000, 0.500000, 0.527
156, 0.900000, 0.750000, 0.5232
157, 0.900000, 1.000000, 0.5102
158, 0.900000, 1.250000, 0.5178
159, 0.900000, 1.500000, 0.5082
160, 0.900000, 1.750000, 0.5148
161, 0.900000, 2.000000, 0.5286
162, 0.900000, 2.250000, 0.5284
163, 0.900000, 2.500000, 0.5128
164, 0.900000, 2.750000, 0.508
165, 0.900000, 3.000000, 0.5298
166, 0.900000, 3.250000, 0.529
167, 0.900000, 3.500000, 0.5234
168, 0.900000, 3.750000, 0.5284
169, 0.900000, 4.000000, 0.5314
170, 1.000000, 0.000000, 0.623
171, 1.000000, 0.250000, 0.5416
172, 1.000000, 0.500000, 0.5408
173, 1.000000, 0.750000, 0.5214
174, 1.000000, 1.000000, 0.5262
175, 1.000000, 1.250000, 0.534
176, 1.000000, 1.500000, 0.5148
177, 1.000000, 1.750000, 0.5292
178, 1.000000, 2.000000, 0.53
179, 1.000000, 2.250000, 0.529
180, 1.000000, 2.500000, 0.5276
181, 1.000000, 2.750000, 0.524
182, 1.000000, 3.000000, 0.536
183, 1.000000, 3.250000, 0.5218
184, 1.000000, 3.500000, 0.5212
185, 1.000000, 3.750000, 0.5108
186, 1.000000, 4.000000, 0.524

winRates as an array: [0.718, 0.7132, 0.725, 0.7258, 0.7164, 0.73, 0.729, 0.7142, 0.7268, 0.727, 0.7108, 0.7338, 0.723, 0.7328, 0.7216, 0.7234, 0.7232, 0.7044, 0.6962, 0.6826, 0.6566, 0.5916, 0.5372, 0.5036, 0.4842, 0.455, 0.4598, 0.4586, 0.4612, 0.4574, 0.4564, 0.4454, 0.4502, 0.4678, 0.6902, 0.656, 0.6382, 0.5864, 0.554, 0.5164, 0.4956, 0.4824, 0.479, 0.4672, 0.4574, 0.473, 0.4652, 0.4572, 0.4588, 0.458, 0.469, 0.6858, 0.6246, 0.5888, 0.546, 0.5144, 0.5014, 0.4902, 0.4826, 0.4702, 0.4736, 0.4826, 0.468, 0.4686, 0.4688, 0.4708, 0.4646, 0.4778, 0.6768, 0.606, 0.563, 0.5382, 0.521, 0.504, 0.4938, 0.4958, 0.4942, 0.491, 0.4802, 0.479, 0.4852, 0.4788, 0.471, 0.4894, 0.4774, 0.6644, 0.5768, 0.5538, 0.5198, 0.523, 0.5144, 0.5126, 0.4998, 0.5026, 0.4916, 0.5082, 0.4926, 0.494, 0.497, 0.4868, 0.5, 0.5056, 0.6524, 0.5516, 0.5534, 0.5288, 0.5224, 0.5102, 0.5014, 0.5196, 0.5118, 0.506, 0.5028, 0.5046, 0.5064, 0.5002, 0.5202, 0.5118, 0.4902, 0.6338, 0.5746, 0.5382, 0.5296, 0.529, 0.5178, 0.4952, 0.5138, 0.5224, 0.5172, 0.5016, 0.5178, 0.509, 0.519, 0.5046, 0.5238, 0.5148, 0.624, 0.5428, 0.536, 0.5242, 0.5252, 0.5034, 0.525, 0.5156, 0.5154, 0.5266, 0.5206, 0.5014, 0.5132, 0.5156, 0.504, 0.5176, 0.5142, 0.6222, 0.5464, 0.527, 0.5232, 0.5102, 0.5178, 0.5082, 0.5148, 0.5286, 0.5284, 0.5128, 0.508, 0.5298, 0.529, 0.5234, 0.5284, 0.5314, 0.623, 0.5416, 0.5408, 0.5214, 0.5262, 0.534, 0.5148, 0.5292, 0.53, 0.529, 0.5276, 0.524, 0.536, 0.5218, 0.5212, 0.5108, 0.524]
winRates as a table: 
0, 0.718
1, 0.7132
2, 0.725
3, 0.7258
4, 0.7164
5, 0.73
6, 0.729
7, 0.7142
8, 0.7268
9, 0.727
10, 0.7108
11, 0.7338
12, 0.723
13, 0.7328
14, 0.7216
15, 0.7234
16, 0.7232
17, 0.7044
18, 0.6962
19, 0.6826
20, 0.6566
21, 0.5916
22, 0.5372
23, 0.5036
24, 0.4842
25, 0.455
26, 0.4598
27, 0.4586
28, 0.4612
29, 0.4574
30, 0.4564
31, 0.4454
32, 0.4502
33, 0.4678
34, 0.6902
35, 0.656
36, 0.6382
37, 0.5864
38, 0.554
39, 0.5164
40, 0.4956
41, 0.4824
42, 0.479
43, 0.4672
44, 0.4574
45, 0.473
46, 0.4652
47, 0.4572
48, 0.4588
49, 0.458
50, 0.469
51, 0.6858
52, 0.6246
53, 0.5888
54, 0.546
55, 0.5144
56, 0.5014
57, 0.4902
58, 0.4826
59, 0.4702
60, 0.4736
61, 0.4826
62, 0.468
63, 0.4686
64, 0.4688
65, 0.4708
66, 0.4646
67, 0.4778
68, 0.6768
69, 0.606
70, 0.563
71, 0.5382
72, 0.521
73, 0.504
74, 0.4938
75, 0.4958
76, 0.4942
77, 0.491
78, 0.4802
79, 0.479
80, 0.4852
81, 0.4788
82, 0.471
83, 0.4894
84, 0.4774
85, 0.6644
86, 0.5768
87, 0.5538
88, 0.5198
89, 0.523
90, 0.5144
91, 0.5126
92, 0.4998
93, 0.5026
94, 0.4916
95, 0.5082
96, 0.4926
97, 0.494
98, 0.497
99, 0.4868
100, 0.5
101, 0.5056
102, 0.6524
103, 0.5516
104, 0.5534
105, 0.5288
106, 0.5224
107, 0.5102
108, 0.5014
109, 0.5196
110, 0.5118
111, 0.506
112, 0.5028
113, 0.5046
114, 0.5064
115, 0.5002
116, 0.5202
117, 0.5118
118, 0.4902
119, 0.6338
120, 0.5746
121, 0.5382
122, 0.5296
123, 0.529
124, 0.5178
125, 0.4952
126, 0.5138
127, 0.5224
128, 0.5172
129, 0.5016
130, 0.5178
131, 0.509
132, 0.519
133, 0.5046
134, 0.5238
135, 0.5148
136, 0.624
137, 0.5428
138, 0.536
139, 0.5242
140, 0.5252
141, 0.5034
142, 0.525
143, 0.5156
144, 0.5154
145, 0.5266
146, 0.5206
147, 0.5014
148, 0.5132
149, 0.5156
150, 0.504
151, 0.5176
152, 0.5142
153, 0.6222
154, 0.5464
155, 0.527
156, 0.5232
157, 0.5102
158, 0.5178
159, 0.5082
160, 0.5148
161, 0.5286
162, 0.5284
163, 0.5128
164, 0.508
165, 0.5298
166, 0.529
167, 0.5234
168, 0.5284
169, 0.5314
170, 0.623
171, 0.5416
172, 0.5408
173, 0.5214
174, 0.5262
175, 0.534
176, 0.5148
177, 0.5292
178, 0.53
179, 0.529
180, 0.5276
181, 0.524
182, 0.536
183, 0.5218
184, 0.5212
185, 0.5108
186, 0.524
Elapsed time (m): 13.0573
All tests complete. Results follow.
----------
Max win rate: 0.7338
Corresponding max params at index 11:
[0.4, 0.4, 0.2, 0.35, 0.9, 0.4, 0.6, 0.05, 0.5, 0.4, 0.6, 0.8380616650330837, 0.06152068390417398, 0.38258062302368523, 0.39810496473742085, 0.10844666639491507, 0.37763392278384067, 0.2706576839587317, 0.2077890824329678, 0.47922119839098565, 1.0, 1.0, 0.0, 2.75, 0.0, 0.25, 10.0, 0.0, 6.0, 8.0, 14.0, 0.19999999999999998, 0.5000000000000001, 0.09999999999999999, 0.09999999999999999, 0.09999999999999999, 0.0]
----------
Min win rate: 0.4454
Corresponding min params at index 31:
[0.4, 0.4, 0.2, 0.35, 0.9, 0.4, 0.6, 0.05, 0.5, 0.4, 0.6, 0.8380616650330837, 0.06152068390417398, 0.38258062302368523, 0.39810496473742085, 0.10844666639491507, 0.37763392278384067, 0.2706576839587317, 0.2077890824329678, 0.47922119839098565, 1.0, 1.0, 0.1, 3.5, 0.0, 0.25, 10.0, 0.0, 6.0, 8.0, 14.0, 0.19999999999999998, 0.5000000000000001, 0.09999999999999999, 0.09999999999999999, 0.09999999999999999, 0.0]
----------
Average win rate: 0.5371155080213905
Standard deviation of win rates: 0.07662357589146977
----------------------------------------
Table of results: 
ID, p22, p23, winRate
0, 0.000000, 0.000000, 0.718
1, 0.000000, 0.250000, 0.7132
2, 0.000000, 0.500000, 0.725
3, 0.000000, 0.750000, 0.7258
4, 0.000000, 1.000000, 0.7164
5, 0.000000, 1.250000, 0.73
6, 0.000000, 1.500000, 0.729
7, 0.000000, 1.750000, 0.7142
8, 0.000000, 2.000000, 0.7268
9, 0.000000, 2.250000, 0.727
10, 0.000000, 2.500000, 0.7108
11, 0.000000, 2.750000, 0.7338
12, 0.000000, 3.000000, 0.723
13, 0.000000, 3.250000, 0.7328
14, 0.000000, 3.500000, 0.7216
15, 0.000000, 3.750000, 0.7234
16, 0.000000, 4.000000, 0.7232
17, 0.100000, 0.000000, 0.7044
18, 0.100000, 0.250000, 0.6962
19, 0.100000, 0.500000, 0.6826
20, 0.100000, 0.750000, 0.6566
21, 0.100000, 1.000000, 0.5916
22, 0.100000, 1.250000, 0.5372
23, 0.100000, 1.500000, 0.5036
24, 0.100000, 1.750000, 0.4842
25, 0.100000, 2.000000, 0.455
26, 0.100000, 2.250000, 0.4598
27, 0.100000, 2.500000, 0.4586
28, 0.100000, 2.750000, 0.4612
29, 0.100000, 3.000000, 0.4574
30, 0.100000, 3.250000, 0.4564
31, 0.100000, 3.500000, 0.4454
32, 0.100000, 3.750000, 0.4502
33, 0.100000, 4.000000, 0.4678
34, 0.200000, 0.000000, 0.6902
35, 0.200000, 0.250000, 0.656
36, 0.200000, 0.500000, 0.6382
37, 0.200000, 0.750000, 0.5864
38, 0.200000, 1.000000, 0.554
39, 0.200000, 1.250000, 0.5164
40, 0.200000, 1.500000, 0.4956
41, 0.200000, 1.750000, 0.4824
42, 0.200000, 2.000000, 0.479
43, 0.200000, 2.250000, 0.4672
44, 0.200000, 2.500000, 0.4574
45, 0.200000, 2.750000, 0.473
46, 0.200000, 3.000000, 0.4652
47, 0.200000, 3.250000, 0.4572
48, 0.200000, 3.500000, 0.4588
49, 0.200000, 3.750000, 0.458
50, 0.200000, 4.000000, 0.469
51, 0.300000, 0.000000, 0.6858
52, 0.300000, 0.250000, 0.6246
53, 0.300000, 0.500000, 0.5888
54, 0.300000, 0.750000, 0.546
55, 0.300000, 1.000000, 0.5144
56, 0.300000, 1.250000, 0.5014
57, 0.300000, 1.500000, 0.4902
58, 0.300000, 1.750000, 0.4826
59, 0.300000, 2.000000, 0.4702
60, 0.300000, 2.250000, 0.4736
61, 0.300000, 2.500000, 0.4826
62, 0.300000, 2.750000, 0.468
63, 0.300000, 3.000000, 0.4686
64, 0.300000, 3.250000, 0.4688
65, 0.300000, 3.500000, 0.4708
66, 0.300000, 3.750000, 0.4646
67, 0.300000, 4.000000, 0.4778
68, 0.400000, 0.000000, 0.6768
69, 0.400000, 0.250000, 0.606
70, 0.400000, 0.500000, 0.563
71, 0.400000, 0.750000, 0.5382
72, 0.400000, 1.000000, 0.521
73, 0.400000, 1.250000, 0.504
74, 0.400000, 1.500000, 0.4938
75, 0.400000, 1.750000, 0.4958
76, 0.400000, 2.000000, 0.4942
77, 0.400000, 2.250000, 0.491
78, 0.400000, 2.500000, 0.4802
79, 0.400000, 2.750000, 0.479
80, 0.400000, 3.000000, 0.4852
81, 0.400000, 3.250000, 0.4788
82, 0.400000, 3.500000, 0.471
83, 0.400000, 3.750000, 0.4894
84, 0.400000, 4.000000, 0.4774
85, 0.500000, 0.000000, 0.6644
86, 0.500000, 0.250000, 0.5768
87, 0.500000, 0.500000, 0.5538
88, 0.500000, 0.750000, 0.5198
89, 0.500000, 1.000000, 0.523
90, 0.500000, 1.250000, 0.5144
91, 0.500000, 1.500000, 0.5126
92, 0.500000, 1.750000, 0.4998
93, 0.500000, 2.000000, 0.5026
94, 0.500000, 2.250000, 0.4916
95, 0.500000, 2.500000, 0.5082
96, 0.500000, 2.750000, 0.4926
97, 0.500000, 3.000000, 0.494
98, 0.500000, 3.250000, 0.497
99, 0.500000, 3.500000, 0.4868
100, 0.500000, 3.750000, 0.5
101, 0.500000, 4.000000, 0.5056
102, 0.600000, 0.000000, 0.6524
103, 0.600000, 0.250000, 0.5516
104, 0.600000, 0.500000, 0.5534
105, 0.600000, 0.750000, 0.5288
106, 0.600000, 1.000000, 0.5224
107, 0.600000, 1.250000, 0.5102
108, 0.600000, 1.500000, 0.5014
109, 0.600000, 1.750000, 0.5196
110, 0.600000, 2.000000, 0.5118
111, 0.600000, 2.250000, 0.506
112, 0.600000, 2.500000, 0.5028
113, 0.600000, 2.750000, 0.5046
114, 0.600000, 3.000000, 0.5064
115, 0.600000, 3.250000, 0.5002
116, 0.600000, 3.500000, 0.5202
117, 0.600000, 3.750000, 0.5118
118, 0.600000, 4.000000, 0.4902
119, 0.700000, 0.000000, 0.6338
120, 0.700000, 0.250000, 0.5746
121, 0.700000, 0.500000, 0.5382
122, 0.700000, 0.750000, 0.5296
123, 0.700000, 1.000000, 0.529
124, 0.700000, 1.250000, 0.5178
125, 0.700000, 1.500000, 0.4952
126, 0.700000, 1.750000, 0.5138
127, 0.700000, 2.000000, 0.5224
128, 0.700000, 2.250000, 0.5172
129, 0.700000, 2.500000, 0.5016
130, 0.700000, 2.750000, 0.5178
131, 0.700000, 3.000000, 0.509
132, 0.700000, 3.250000, 0.519
133, 0.700000, 3.500000, 0.5046
134, 0.700000, 3.750000, 0.5238
135, 0.700000, 4.000000, 0.5148
136, 0.800000, 0.000000, 0.624
137, 0.800000, 0.250000, 0.5428
138, 0.800000, 0.500000, 0.536
139, 0.800000, 0.750000, 0.5242
140, 0.800000, 1.000000, 0.5252
141, 0.800000, 1.250000, 0.5034
142, 0.800000, 1.500000, 0.525
143, 0.800000, 1.750000, 0.5156
144, 0.800000, 2.000000, 0.5154
145, 0.800000, 2.250000, 0.5266
146, 0.800000, 2.500000, 0.5206
147, 0.800000, 2.750000, 0.5014
148, 0.800000, 3.000000, 0.5132
149, 0.800000, 3.250000, 0.5156
150, 0.800000, 3.500000, 0.504
151, 0.800000, 3.750000, 0.5176
152, 0.800000, 4.000000, 0.5142
153, 0.900000, 0.000000, 0.6222
154, 0.900000, 0.250000, 0.5464
155, 0.900000, 0.500000, 0.527
156, 0.900000, 0.750000, 0.5232
157, 0.900000, 1.000000, 0.5102
158, 0.900000, 1.250000, 0.5178
159, 0.900000, 1.500000, 0.5082
160, 0.900000, 1.750000, 0.5148
161, 0.900000, 2.000000, 0.5286
162, 0.900000, 2.250000, 0.5284
163, 0.900000, 2.500000, 0.5128
164, 0.900000, 2.750000, 0.508
165, 0.900000, 3.000000, 0.5298
166, 0.900000, 3.250000, 0.529
167, 0.900000, 3.500000, 0.5234
168, 0.900000, 3.750000, 0.5284
169, 0.900000, 4.000000, 0.5314
170, 1.000000, 0.000000, 0.623
171, 1.000000, 0.250000, 0.5416
172, 1.000000, 0.500000, 0.5408
173, 1.000000, 0.750000, 0.5214
174, 1.000000, 1.000000, 0.5262
175, 1.000000, 1.250000, 0.534
176, 1.000000, 1.500000, 0.5148
177, 1.000000, 1.750000, 0.5292
178, 1.000000, 2.000000, 0.53
179, 1.000000, 2.250000, 0.529
180, 1.000000, 2.500000, 0.5276
181, 1.000000, 2.750000, 0.524
182, 1.000000, 3.000000, 0.536
183, 1.000000, 3.250000, 0.5218
184, 1.000000, 3.500000, 0.5212
185, 1.000000, 3.750000, 0.5108
186, 1.000000, 4.000000, 0.524
----------------------------------------
Learned parameters: 
22: 0.0
23: 2.75
All parameters:
[0.4, 0.4, 0.2, 0.35, 0.9, 0.4, 0.6, 0.05, 0.5, 0.4, 0.6, 0.8380616650330837, 0.06152068390417398, 0.38258062302368523, 0.39810496473742085, 0.10844666639491507, 0.37763392278384067, 0.2706576839587317, 0.2077890824329678, 0.47922119839098565, 1.0, 1.0, 0.0, 2.75, 0.0, 0.25, 10.0, 0.0, 6.0, 8.0, 14.0, 0.19999999999999998, 0.5000000000000001, 0.09999999999999999, 0.09999999999999999, 0.09999999999999999, 0.0]
