Using command-line arguments: 2, E
Self: Ensemble player
Using these parameters as a base (some values will change in the exhaustive search):
[0.5, 0.4, 0.1, 0.35, 0.9, 0.4, 0.6, 0.05, 0.5, 0.4, 0.6, 0.8380616650330837, 0.06152068390417398, 0.38258062302368523, 0.39810496473742085, 0.10844666639491507, 0.37763392278384067, 0.2706576839587317, 0.2077890824329678, 0.47922119839098565, 1.0, 1.0, 0.0, 2.75, 0.0, 0.25, 10.0, 0.0, 6.0, 8.0, 14.0, 0.19999999999999998, 0.5000000000000001, 0.09999999999999999, 0.09999999999999999, 0.09999999999999999, 0.0]
ConvHE ParamLists are ready.
numIndividuals: 34. Correct number is: 34
=============== runExhaustiveTest ===============
gamesPerIndividual: 5000
========== Subset 0 ==========
0 1 2 3 4 5 6 7 8 9 10 11 12 13 14 15 16 17 18 19 20 21 22 23 24 25 26 27 28 29 30 31 32 33 
Subset 0 results:
----------------------------------------
Table of results: 
ID, p0, p1, p2, winRate
0, 0.000000, 0.500000, 0.500000, 0.7148
1, 0.000000, 0.600000, 0.400000, 0.6992
2, 0.000000, 0.700000, 0.300000, 0.707
3, 0.000000, 0.800000, 0.200000, 0.6884
4, 0.000000, 0.900000, 0.100000, 0.6884
5, 0.000000, 1.000000, 0.000000, 0.696
6, 0.100000, 0.500000, 0.400000, 0.7152
7, 0.100000, 0.600000, 0.300000, 0.7102
8, 0.100000, 0.700000, 0.200000, 0.7154
9, 0.100000, 0.800000, 0.100000, 0.7084
10, 0.100000, 0.900000, 0.000000, 0.7182
11, 0.200000, 0.400000, 0.400000, 0.7044
12, 0.200000, 0.500000, 0.300000, 0.7064
13, 0.200000, 0.600000, 0.200000, 0.7164
14, 0.200000, 0.700000, 0.100000, 0.7134
15, 0.200000, 0.800000, 0.000000, 0.7016
16, 0.300000, 0.400000, 0.300000, 0.7272
17, 0.300000, 0.500000, 0.200000, 0.7186
18, 0.300000, 0.600000, 0.100000, 0.7202
19, 0.300000, 0.700000, 0.000000, 0.7236
20, 0.400000, 0.300000, 0.300000, 0.732
21, 0.400000, 0.400000, 0.200000, 0.7344
22, 0.400000, 0.500000, 0.100000, 0.7156
23, 0.400000, 0.600000, 0.000000, 0.73
24, 0.500000, 0.300000, 0.200000, 0.7266
25, 0.500000, 0.400000, 0.100000, 0.7204
26, 0.500000, 0.500000, 0.000000, 0.7206
27, 0.600000, 0.200000, 0.200000, 0.7208
28, 0.600000, 0.300000, 0.100000, 0.72
29, 0.600000, 0.400000, 0.000000, 0.7186
30, 0.700000, 0.200000, 0.100000, 0.7216
31, 0.700000, 0.300000, 0.000000, 0.7064
32, 0.800000, 0.100000, 0.100000, 0.7162
33, 1.000000, 0.000000, 0.000000, 0.6968

Elapsed time (m): 2.4304333333333332
All tests complete. Results follow.
----------
Max win rate: 0.7344
Corresponding max params at index 21:
[0.4, 0.4, 0.2, 0.35, 0.9, 0.4, 0.6, 0.05, 0.5, 0.4, 0.6, 0.8380616650330837, 0.06152068390417398, 0.38258062302368523, 0.39810496473742085, 0.10844666639491507, 0.37763392278384067, 0.2706576839587317, 0.2077890824329678, 0.47922119839098565, 1.0, 1.0, 0.0, 2.75, 0.0, 0.25, 10.0, 0.0, 6.0, 8.0, 14.0, 0.19999999999999998, 0.5000000000000001, 0.09999999999999999, 0.09999999999999999, 0.09999999999999999, 0.0]
----------
Min win rate: 0.6884
Corresponding min params at index 3:
[0.0, 0.8, 0.2, 0.35, 0.9, 0.4, 0.6, 0.05, 0.5, 0.4, 0.6, 0.8380616650330837, 0.06152068390417398, 0.38258062302368523, 0.39810496473742085, 0.10844666639491507, 0.37763392278384067, 0.2706576839587317, 0.2077890824329678, 0.47922119839098565, 1.0, 1.0, 0.0, 2.75, 0.0, 0.25, 10.0, 0.0, 6.0, 8.0, 14.0, 0.19999999999999998, 0.5000000000000001, 0.09999999999999999, 0.09999999999999999, 0.09999999999999999, 0.0]
----------
Average win rate: 0.6928882352941176
Standard deviation of win rates: 0.023883906788048942
----------------------------------------
Table of results: 
ID, p0, p1, p2, winRate
0, 0.000000, 0.500000, 0.500000, 0.7148
1, 0.000000, 0.600000, 0.400000, 0.6992
2, 0.000000, 0.700000, 0.300000, 0.707
3, 0.000000, 0.800000, 0.200000, 0.6884
4, 0.000000, 0.900000, 0.100000, 0.6884
5, 0.000000, 1.000000, 0.000000, 0.696
6, 0.100000, 0.500000, 0.400000, 0.7152
7, 0.100000, 0.600000, 0.300000, 0.7102
8, 0.100000, 0.700000, 0.200000, 0.7154
9, 0.100000, 0.800000, 0.100000, 0.7084
10, 0.100000, 0.900000, 0.000000, 0.7182
11, 0.200000, 0.400000, 0.400000, 0.7044
12, 0.200000, 0.500000, 0.300000, 0.7064
13, 0.200000, 0.600000, 0.200000, 0.7164
14, 0.200000, 0.700000, 0.100000, 0.7134
15, 0.200000, 0.800000, 0.000000, 0.7016
16, 0.300000, 0.400000, 0.300000, 0.7272
17, 0.300000, 0.500000, 0.200000, 0.7186
18, 0.300000, 0.600000, 0.100000, 0.7202
19, 0.300000, 0.700000, 0.000000, 0.7236
20, 0.400000, 0.300000, 0.300000, 0.732
21, 0.400000, 0.400000, 0.200000, 0.7344
22, 0.400000, 0.500000, 0.100000, 0.7156
23, 0.400000, 0.600000, 0.000000, 0.73
24, 0.500000, 0.300000, 0.200000, 0.7266
25, 0.500000, 0.400000, 0.100000, 0.7204
26, 0.500000, 0.500000, 0.000000, 0.7206
27, 0.600000, 0.200000, 0.200000, 0.7208
28, 0.600000, 0.300000, 0.100000, 0.72
29, 0.600000, 0.400000, 0.000000, 0.7186
30, 0.700000, 0.200000, 0.100000, 0.7216
31, 0.700000, 0.300000, 0.000000, 0.7064
32, 0.800000, 0.100000, 0.100000, 0.7162
33, 1.000000, 0.000000, 0.000000, 0.6968
----------------------------------------
Learned parameters: 
0: 0.4
1: 0.4
2: 0.2
All parameters:
[0.4, 0.4, 0.2, 0.35, 0.9, 0.4, 0.6, 0.05, 0.5, 0.4, 0.6, 0.8380616650330837, 0.06152068390417398, 0.38258062302368523, 0.39810496473742085, 0.10844666639491507, 0.37763392278384067, 0.2706576839587317, 0.2077890824329678, 0.47922119839098565, 1.0, 1.0, 0.0, 2.75, 0.0, 0.25, 10.0, 0.0, 6.0, 8.0, 14.0, 0.19999999999999998, 0.5000000000000001, 0.09999999999999999, 0.09999999999999999, 0.09999999999999999, 0.0]
