Using command-line arguments: 2, I
Self: Index player
Using these parameters as a base (some values will change in the exhaustive search):
[0.3, 0.4, 0.3, 0.4, 0.2, 1.0, 0.0, 0.05, 0.5, 0.4, 0.6, 0.8380616650330837, 0.06152068390417398, 0.38258062302368523, 0.39810496473742085, 0.10844666639491507, 0.37763392278384067, 0.2706576839587317, 0.2077890824329678, 0.47922119839098565, 1.0, 1.0, 0.4, 0.5, 0.5, 2.5, 10.0, 0.0, 6.0, 8.0, 14.0, 0.09999999999999999, 0.0, 0.6000000000000001, 0.19999999999999998, 0.09999999999999999, 0.0]
ConvHE ParamLists are ready.
numIndividuals: 34. Correct number is: 34
=============== runExhaustiveTest ===============
gamesPerIndividual: 5000
========== Subset 0 ==========
0 1 2 3 4 5 6 7 8 9 10 11 12 13 14 15 16 17 18 19 20 21 22 23 24 25 26 27 28 29 30 31 32 33 
Subset 0 results:
----------------------------------------
Table of results: 
ID, p0, p1, p2, winRate
0, 0.000000, 0.500000, 0.500000, 0.7408
1, 0.000000, 0.600000, 0.400000, 0.7226
2, 0.000000, 0.700000, 0.300000, 0.728
3, 0.000000, 0.800000, 0.200000, 0.7284
4, 0.000000, 0.900000, 0.100000, 0.7116
5, 0.000000, 1.000000, 0.000000, 0.7282
6, 0.100000, 0.500000, 0.400000, 0.7332
7, 0.100000, 0.600000, 0.300000, 0.7154
8, 0.100000, 0.700000, 0.200000, 0.734
9, 0.100000, 0.800000, 0.100000, 0.734
10, 0.100000, 0.900000, 0.000000, 0.7274
11, 0.200000, 0.400000, 0.400000, 0.7278
12, 0.200000, 0.500000, 0.300000, 0.7412
13, 0.200000, 0.600000, 0.200000, 0.7356
14, 0.200000, 0.700000, 0.100000, 0.7362
15, 0.200000, 0.800000, 0.000000, 0.7202
16, 0.300000, 0.400000, 0.300000, 0.7392
17, 0.300000, 0.500000, 0.200000, 0.7336
18, 0.300000, 0.600000, 0.100000, 0.7332
19, 0.300000, 0.700000, 0.000000, 0.7256
20, 0.400000, 0.300000, 0.300000, 0.7378
21, 0.400000, 0.400000, 0.200000, 0.7252
22, 0.400000, 0.500000, 0.100000, 0.7286
23, 0.400000, 0.600000, 0.000000, 0.7234
24, 0.500000, 0.300000, 0.200000, 0.733
25, 0.500000, 0.400000, 0.100000, 0.734
26, 0.500000, 0.500000, 0.000000, 0.7176
27, 0.600000, 0.200000, 0.200000, 0.7358
28, 0.600000, 0.300000, 0.100000, 0.7434
29, 0.600000, 0.400000, 0.000000, 0.71
30, 0.700000, 0.200000, 0.100000, 0.727
31, 0.700000, 0.300000, 0.000000, 0.716
32, 0.800000, 0.100000, 0.100000, 0.7348
33, 1.000000, 0.000000, 0.000000, 0.6924

Elapsed time (m): 2.6188166666666666
All tests complete. Results follow.
----------
Max win rate: 0.7434
Corresponding max params at index 28:
[0.6, 0.3, 0.1, 0.4, 0.2, 1.0, 0.0, 0.05, 0.5, 0.4, 0.6, 0.8380616650330837, 0.06152068390417398, 0.38258062302368523, 0.39810496473742085, 0.10844666639491507, 0.37763392278384067, 0.2706576839587317, 0.2077890824329678, 0.47922119839098565, 1.0, 1.0, 0.4, 0.5, 0.5, 2.5, 10.0, 0.0, 6.0, 8.0, 14.0, 0.09999999999999999, 0.0, 0.6000000000000001, 0.19999999999999998, 0.09999999999999999, 0.0]
----------
Min win rate: 0.6924
Corresponding min params at index 33:
[1.0, 0.0, 0.0, 0.4, 0.2, 1.0, 0.0, 0.05, 0.5, 0.4, 0.6, 0.8380616650330837, 0.06152068390417398, 0.38258062302368523, 0.39810496473742085, 0.10844666639491507, 0.37763392278384067, 0.2706576839587317, 0.2077890824329678, 0.47922119839098565, 1.0, 1.0, 0.4, 0.5, 0.5, 2.5, 10.0, 0.0, 6.0, 8.0, 14.0, 0.09999999999999999, 0.0, 0.6000000000000001, 0.19999999999999998, 0.09999999999999999, 0.0]
----------
Average win rate: 0.7063058823529413
Standard deviation of win rates: 0.024123227474909345
----------------------------------------
Table of results: 
ID, p0, p1, p2, winRate
0, 0.000000, 0.500000, 0.500000, 0.7408
1, 0.000000, 0.600000, 0.400000, 0.7226
2, 0.000000, 0.700000, 0.300000, 0.728
3, 0.000000, 0.800000, 0.200000, 0.7284
4, 0.000000, 0.900000, 0.100000, 0.7116
5, 0.000000, 1.000000, 0.000000, 0.7282
6, 0.100000, 0.500000, 0.400000, 0.7332
7, 0.100000, 0.600000, 0.300000, 0.7154
8, 0.100000, 0.700000, 0.200000, 0.734
9, 0.100000, 0.800000, 0.100000, 0.734
10, 0.100000, 0.900000, 0.000000, 0.7274
11, 0.200000, 0.400000, 0.400000, 0.7278
12, 0.200000, 0.500000, 0.300000, 0.7412
13, 0.200000, 0.600000, 0.200000, 0.7356
14, 0.200000, 0.700000, 0.100000, 0.7362
15, 0.200000, 0.800000, 0.000000, 0.7202
16, 0.300000, 0.400000, 0.300000, 0.7392
17, 0.300000, 0.500000, 0.200000, 0.7336
18, 0.300000, 0.600000, 0.100000, 0.7332
19, 0.300000, 0.700000, 0.000000, 0.7256
20, 0.400000, 0.300000, 0.300000, 0.7378
21, 0.400000, 0.400000, 0.200000, 0.7252
22, 0.400000, 0.500000, 0.100000, 0.7286
23, 0.400000, 0.600000, 0.000000, 0.7234
24, 0.500000, 0.300000, 0.200000, 0.733
25, 0.500000, 0.400000, 0.100000, 0.734
26, 0.500000, 0.500000, 0.000000, 0.7176
27, 0.600000, 0.200000, 0.200000, 0.7358
28, 0.600000, 0.300000, 0.100000, 0.7434
29, 0.600000, 0.400000, 0.000000, 0.71
30, 0.700000, 0.200000, 0.100000, 0.727
31, 0.700000, 0.300000, 0.000000, 0.716
32, 0.800000, 0.100000, 0.100000, 0.7348
33, 1.000000, 0.000000, 0.000000, 0.6924
----------------------------------------
Learned parameters: 
0: 0.6
1: 0.3
2: 0.1
All parameters:
[0.6, 0.3, 0.1, 0.4, 0.2, 1.0, 0.0, 0.05, 0.5, 0.4, 0.6, 0.8380616650330837, 0.06152068390417398, 0.38258062302368523, 0.39810496473742085, 0.10844666639491507, 0.37763392278384067, 0.2706576839587317, 0.2077890824329678, 0.47922119839098565, 1.0, 1.0, 0.4, 0.5, 0.5, 2.5, 10.0, 0.0, 6.0, 8.0, 14.0, 0.09999999999999999, 0.0, 0.6000000000000001, 0.19999999999999998, 0.09999999999999999, 0.0]
