Using command-line arguments: 2, I
Self: Index player
Using these parameters as a base (some values will change in the exhaustive search):
[0.3333333333333333, 0.4444444444444444, 0.2222222222222222, 0.35, 0.9, 0.4, 0.6, 0.05, 0.5, 0.4, 0.6, 0.8380616650330837, 0.06152068390417398, 0.38258062302368523, 0.39810496473742085, 0.10844666639491507, 0.37763392278384067, 0.2706576839587317, 0.2077890824329678, 0.47922119839098565, 1.0, 1.0, 0.01, 1.0, 0.01, 2.0, 10.0, 0.0, 6.0, 8.0, 14.0, 0.16666666666666669, 0.16666666666666669, 0.16666666666666669, 0.16666666666666669, 0.16666666666666669, 0.16666666666666669]
ConvHE ParamLists are ready.
numIndividuals: 34. Correct number is: 34
=============== runExhaustiveTest ===============
gamesPerIndividual: 5000
========== Subset 0 ==========
0 1 2 3 4 5 6 7 8 9 10 11 12 13 14 15 16 17 18 19 20 21 22 23 24 25 26 27 28 29 30 31 32 33 
Subset 0 results:
----------------------------------------
Table of results: 
ID, p0, p1, p2, winRate
0, 0.000000, 0.500000, 0.500000, 0.6998
1, 0.000000, 0.600000, 0.400000, 0.7114
2, 0.000000, 0.700000, 0.300000, 0.7028
3, 0.000000, 0.800000, 0.200000, 0.7068
4, 0.000000, 0.900000, 0.100000, 0.7064
5, 0.000000, 1.000000, 0.000000, 0.6994
6, 0.100000, 0.500000, 0.400000, 0.6952
7, 0.100000, 0.600000, 0.300000, 0.6964
8, 0.100000, 0.700000, 0.200000, 0.7024
9, 0.100000, 0.800000, 0.100000, 0.6974
10, 0.100000, 0.900000, 0.000000, 0.6914
11, 0.200000, 0.400000, 0.400000, 0.713
12, 0.200000, 0.500000, 0.300000, 0.6988
13, 0.200000, 0.600000, 0.200000, 0.7194
14, 0.200000, 0.700000, 0.100000, 0.6824
15, 0.200000, 0.800000, 0.000000, 0.687
16, 0.300000, 0.400000, 0.300000, 0.7094
17, 0.300000, 0.500000, 0.200000, 0.7172
18, 0.300000, 0.600000, 0.100000, 0.7088
19, 0.300000, 0.700000, 0.000000, 0.7146
20, 0.400000, 0.300000, 0.300000, 0.7242
21, 0.400000, 0.400000, 0.200000, 0.7194
22, 0.400000, 0.500000, 0.100000, 0.7108
23, 0.400000, 0.600000, 0.000000, 0.7192
24, 0.500000, 0.300000, 0.200000, 0.7086
25, 0.500000, 0.400000, 0.100000, 0.7174
26, 0.500000, 0.500000, 0.000000, 0.7078
27, 0.600000, 0.200000, 0.200000, 0.7022
28, 0.600000, 0.300000, 0.100000, 0.697
29, 0.600000, 0.400000, 0.000000, 0.7066
30, 0.700000, 0.200000, 0.100000, 0.7056
31, 0.700000, 0.300000, 0.000000, 0.7062
32, 0.800000, 0.100000, 0.100000, 0.706
33, 1.000000, 0.000000, 0.000000, 0.7008

Elapsed time (m): 2.5744166666666666
All tests complete. Results follow.
----------
Max win rate: 0.7242
Corresponding max params at index 20:
[0.4, 0.3, 0.3, 0.35, 0.9, 0.4, 0.6, 0.05, 0.5, 0.4, 0.6, 0.8380616650330837, 0.06152068390417398, 0.38258062302368523, 0.39810496473742085, 0.10844666639491507, 0.37763392278384067, 0.2706576839587317, 0.2077890824329678, 0.47922119839098565, 1.0, 1.0, 0.01, 1.0, 0.01, 2.0, 10.0, 0.0, 6.0, 8.0, 14.0, 0.16666666666666666, 0.16666666666666666, 0.16666666666666666, 0.16666666666666666, 0.16666666666666666, 0.16666666666666666]
----------
Min win rate: 0.6824
Corresponding min params at index 14:
[0.2, 0.7, 0.1, 0.35, 0.9, 0.4, 0.6, 0.05, 0.5, 0.4, 0.6, 0.8380616650330837, 0.06152068390417398, 0.38258062302368523, 0.39810496473742085, 0.10844666639491507, 0.37763392278384067, 0.2706576839587317, 0.2077890824329678, 0.47922119839098565, 1.0, 1.0, 0.01, 1.0, 0.01, 2.0, 10.0, 0.0, 6.0, 8.0, 14.0, 0.16666666666666666, 0.16666666666666666, 0.16666666666666666, 0.16666666666666666, 0.16666666666666666, 0.16666666666666666]
----------
Average win rate: 0.6850588235294118
Standard deviation of win rates: 0.022634222489002313
----------------------------------------
Table of results: 
ID, p0, p1, p2, winRate
0, 0.000000, 0.500000, 0.500000, 0.6998
1, 0.000000, 0.600000, 0.400000, 0.7114
2, 0.000000, 0.700000, 0.300000, 0.7028
3, 0.000000, 0.800000, 0.200000, 0.7068
4, 0.000000, 0.900000, 0.100000, 0.7064
5, 0.000000, 1.000000, 0.000000, 0.6994
6, 0.100000, 0.500000, 0.400000, 0.6952
7, 0.100000, 0.600000, 0.300000, 0.6964
8, 0.100000, 0.700000, 0.200000, 0.7024
9, 0.100000, 0.800000, 0.100000, 0.6974
10, 0.100000, 0.900000, 0.000000, 0.6914
11, 0.200000, 0.400000, 0.400000, 0.713
12, 0.200000, 0.500000, 0.300000, 0.6988
13, 0.200000, 0.600000, 0.200000, 0.7194
14, 0.200000, 0.700000, 0.100000, 0.6824
15, 0.200000, 0.800000, 0.000000, 0.687
16, 0.300000, 0.400000, 0.300000, 0.7094
17, 0.300000, 0.500000, 0.200000, 0.7172
18, 0.300000, 0.600000, 0.100000, 0.7088
19, 0.300000, 0.700000, 0.000000, 0.7146
20, 0.400000, 0.300000, 0.300000, 0.7242
21, 0.400000, 0.400000, 0.200000, 0.7194
22, 0.400000, 0.500000, 0.100000, 0.7108
23, 0.400000, 0.600000, 0.000000, 0.7192
24, 0.500000, 0.300000, 0.200000, 0.7086
25, 0.500000, 0.400000, 0.100000, 0.7174
26, 0.500000, 0.500000, 0.000000, 0.7078
27, 0.600000, 0.200000, 0.200000, 0.7022
28, 0.600000, 0.300000, 0.100000, 0.697
29, 0.600000, 0.400000, 0.000000, 0.7066
30, 0.700000, 0.200000, 0.100000, 0.7056
31, 0.700000, 0.300000, 0.000000, 0.7062
32, 0.800000, 0.100000, 0.100000, 0.706
33, 1.000000, 0.000000, 0.000000, 0.7008
----------------------------------------
Learned parameters: 
0: 0.4
1: 0.3
2: 0.3
All parameters:
[0.4, 0.3, 0.3, 0.35, 0.9, 0.4, 0.6, 0.05, 0.5, 0.4, 0.6, 0.8380616650330837, 0.06152068390417398, 0.38258062302368523, 0.39810496473742085, 0.10844666639491507, 0.37763392278384067, 0.2706576839587317, 0.2077890824329678, 0.47922119839098565, 1.0, 1.0, 0.01, 1.0, 0.01, 2.0, 10.0, 0.0, 6.0, 8.0, 14.0, 0.16666666666666666, 0.16666666666666666, 0.16666666666666666, 0.16666666666666666, 0.16666666666666666, 0.16666666666666666]
