Using command-line arguments: 2, E
Self: Ensemble player
Using these parameters as a base (some values will change in the exhaustive search):
[0.4, 0.4, 0.2, 0.45, 0.7, 0.5, 0.5, 0.05, 0.5, 0.4, 0.6, 0.8380616650330837, 0.06152068390417398, 0.38258062302368523, 0.39810496473742085, 0.10844666639491507, 0.37763392278384067, 0.2706576839587317, 0.2077890824329678, 0.47922119839098565, 1.0, 1.0, 0.0, 2.75, 0.0, 2.0, 10.0, 0.0, 6.0, 8.0, 14.0, 0.2, 0.1, 0.0, 0.1, 0.5, 0.1]
ConvHE ParamLists are ready.
numIndividuals: 34. Correct number is: 34
=============== runExhaustiveTest ===============
gamesPerIndividual: 5000
========== Subset 0 ==========
0 1 2 3 4 5 6 7 8 9 10 11 12 13 14 15 16 17 18 19 20 21 22 23 24 25 26 27 28 29 30 31 32 33 
Subset 0 results:
----------------------------------------
Table of results: 
ID, p0, p1, p2, winRate
0, 0.000000, 0.500000, 0.500000, 0.7088
1, 0.000000, 0.600000, 0.400000, 0.701
2, 0.000000, 0.700000, 0.300000, 0.7006
3, 0.000000, 0.800000, 0.200000, 0.7072
4, 0.000000, 0.900000, 0.100000, 0.7046
5, 0.000000, 1.000000, 0.000000, 0.6982
6, 0.100000, 0.500000, 0.400000, 0.7272
7, 0.100000, 0.600000, 0.300000, 0.7194
8, 0.100000, 0.700000, 0.200000, 0.7088
9, 0.100000, 0.800000, 0.100000, 0.7114
10, 0.100000, 0.900000, 0.000000, 0.7128
11, 0.200000, 0.400000, 0.400000, 0.7204
12, 0.200000, 0.500000, 0.300000, 0.7102
13, 0.200000, 0.600000, 0.200000, 0.7176
14, 0.200000, 0.700000, 0.100000, 0.7138
15, 0.200000, 0.800000, 0.000000, 0.7172
16, 0.300000, 0.400000, 0.300000, 0.7194
17, 0.300000, 0.500000, 0.200000, 0.7222
18, 0.300000, 0.600000, 0.100000, 0.7262
19, 0.300000, 0.700000, 0.000000, 0.712
20, 0.400000, 0.300000, 0.300000, 0.7276
21, 0.400000, 0.400000, 0.200000, 0.7184
22, 0.400000, 0.500000, 0.100000, 0.7144
23, 0.400000, 0.600000, 0.000000, 0.7146
24, 0.500000, 0.300000, 0.200000, 0.7194
25, 0.500000, 0.400000, 0.100000, 0.7138
26, 0.500000, 0.500000, 0.000000, 0.7196
27, 0.600000, 0.200000, 0.200000, 0.7086
28, 0.600000, 0.300000, 0.100000, 0.712
29, 0.600000, 0.400000, 0.000000, 0.7274
30, 0.700000, 0.200000, 0.100000, 0.7164
31, 0.700000, 0.300000, 0.000000, 0.7316
32, 0.800000, 0.100000, 0.100000, 0.709
33, 1.000000, 0.000000, 0.000000, 0.7102

Elapsed time (m): 2.3782833333333335
All tests complete. Results follow.
----------
Max win rate: 0.7316
Corresponding max params at index 31:
[0.7, 0.3, 0.0, 0.45, 0.7, 0.5, 0.5, 0.05, 0.5, 0.4, 0.6, 0.8380616650330837, 0.06152068390417398, 0.38258062302368523, 0.39810496473742085, 0.10844666639491507, 0.37763392278384067, 0.2706576839587317, 0.2077890824329678, 0.47922119839098565, 1.0, 1.0, 0.0, 2.75, 0.0, 2.0, 10.0, 0.0, 6.0, 8.0, 14.0, 0.2, 0.1, 0.0, 0.1, 0.5, 0.1]
----------
Min win rate: 0.6982
Corresponding min params at index 5:
[0.0, 1.0, 0.0, 0.45, 0.7, 0.5, 0.5, 0.05, 0.5, 0.4, 0.6, 0.8380616650330837, 0.06152068390417398, 0.38258062302368523, 0.39810496473742085, 0.10844666639491507, 0.37763392278384067, 0.2706576839587317, 0.2077890824329678, 0.47922119839098565, 1.0, 1.0, 0.0, 2.75, 0.0, 2.0, 10.0, 0.0, 6.0, 8.0, 14.0, 0.2, 0.1, 0.0, 0.1, 0.5, 0.1]
----------
Average win rate: 0.6939176470588235
Standard deviation of win rates: 0.02230533630505627
----------------------------------------
Table of results: 
ID, p0, p1, p2, winRate
0, 0.000000, 0.500000, 0.500000, 0.7088
1, 0.000000, 0.600000, 0.400000, 0.701
2, 0.000000, 0.700000, 0.300000, 0.7006
3, 0.000000, 0.800000, 0.200000, 0.7072
4, 0.000000, 0.900000, 0.100000, 0.7046
5, 0.000000, 1.000000, 0.000000, 0.6982
6, 0.100000, 0.500000, 0.400000, 0.7272
7, 0.100000, 0.600000, 0.300000, 0.7194
8, 0.100000, 0.700000, 0.200000, 0.7088
9, 0.100000, 0.800000, 0.100000, 0.7114
10, 0.100000, 0.900000, 0.000000, 0.7128
11, 0.200000, 0.400000, 0.400000, 0.7204
12, 0.200000, 0.500000, 0.300000, 0.7102
13, 0.200000, 0.600000, 0.200000, 0.7176
14, 0.200000, 0.700000, 0.100000, 0.7138
15, 0.200000, 0.800000, 0.000000, 0.7172
16, 0.300000, 0.400000, 0.300000, 0.7194
17, 0.300000, 0.500000, 0.200000, 0.7222
18, 0.300000, 0.600000, 0.100000, 0.7262
19, 0.300000, 0.700000, 0.000000, 0.712
20, 0.400000, 0.300000, 0.300000, 0.7276
21, 0.400000, 0.400000, 0.200000, 0.7184
22, 0.400000, 0.500000, 0.100000, 0.7144
23, 0.400000, 0.600000, 0.000000, 0.7146
24, 0.500000, 0.300000, 0.200000, 0.7194
25, 0.500000, 0.400000, 0.100000, 0.7138
26, 0.500000, 0.500000, 0.000000, 0.7196
27, 0.600000, 0.200000, 0.200000, 0.7086
28, 0.600000, 0.300000, 0.100000, 0.712
29, 0.600000, 0.400000, 0.000000, 0.7274
30, 0.700000, 0.200000, 0.100000, 0.7164
31, 0.700000, 0.300000, 0.000000, 0.7316
32, 0.800000, 0.100000, 0.100000, 0.709
33, 1.000000, 0.000000, 0.000000, 0.7102
----------------------------------------
Learned parameters: 
0: 0.7
1: 0.3
2: 0.0
All parameters:
[0.7, 0.3, 0.0, 0.45, 0.7, 0.5, 0.5, 0.05, 0.5, 0.4, 0.6, 0.8380616650330837, 0.06152068390417398, 0.38258062302368523, 0.39810496473742085, 0.10844666639491507, 0.37763392278384067, 0.2706576839587317, 0.2077890824329678, 0.47922119839098565, 1.0, 1.0, 0.0, 2.75, 0.0, 2.0, 10.0, 0.0, 6.0, 8.0, 14.0, 0.2, 0.1, 0.0, 0.1, 0.5, 0.1]
